3 0.498046875 0.498046875 0.99609375 0.9921875
2 0.5595703125 0.935546875 0.083984375 0.0703125
2 0.046875 0.736328125 0.09375 0.25
2 0.4033203125 0.5927734375 0.091796875 0.076171875
2 0.259765625 0.4443359375 0.0703125 0.091796875
2 0.4775390625 0.3818359375 0.041015625 0.064453125
6 0.3125 0.5654296875 0.296875 0.333984375
0 0.0224609375 0.20703125 0.037109375 0.04296875
3 0.7490234375 0.5830078125 0.337890625 0.412109375
3 0.341796875 0.7861328125 0.3984375 0.259765625
3 0.4873046875 0.216796875 0.509765625 0.3359375
3 0.3310546875 0.5146484375 0.279296875 0.283203125
