5 0.712890625 0.642578125 0.0859375 0.11328125
5 0.466796875 0.544921875 0.078125 0.07421875
5 0.484375 0.779296875 0.09765625 0.0703125
5 0.4638671875 0.9130859375 0.080078125 0.060546875
5 0.123046875 0.8076171875 0.08203125 0.076171875
5 0.7119140625 0.81640625 0.052734375 0.046875
5 0.53125 0.1923828125 0.05859375 0.068359375
5 0.599609375 0.2529296875 0.04296875 0.048828125
5 0.50390625 0.416015625 0.0546875 0.0625
5 0.361328125 0.748046875 0.0859375 0.046875
5 0.384765625 0.8046875 0.0546875 0.046875
5 0.0478515625 0.7734375 0.064453125 0.06640625
5 0.23046875 0.970703125 0.09375 0.0546875
5 0.3984375 0.5556640625 0.03125 0.041015625
5 0.2138671875 0.765625 0.068359375 0.04296875
0 0.32421875 0.630859375 0.21484375 0.2109375
0 0.1455078125 0.60546875 0.052734375 0.08203125
0 0.1025390625 0.693359375 0.150390625 0.0859375
0 0.3662109375 0.9541015625 0.130859375 0.083984375
0 0.08203125 0.251953125 0.1015625 0.26953125
0 0.181640625 0.181640625 0.05078125 0.140625
0 0.2744140625 0.228515625 0.103515625 0.17578125
0 0.1962890625 0.357421875 0.115234375 0.1953125
0 0.1669921875 0.0361328125 0.083984375 0.068359375
0 0.2314453125 0.0556640625 0.037109375 0.056640625
0 0.3330078125 0.123046875 0.154296875 0.1953125
0 0.376953125 0.3251953125 0.046875 0.044921875
0 0.4716796875 0.166015625 0.060546875 0.06640625
0 0.451171875 0.11328125 0.046875 0.03515625
0 0.4208984375 0.072265625 0.021484375 0.0546875
0 0.45703125 0.0673828125 0.02734375 0.052734375
0 0.7958984375 0.3349609375 0.064453125 0.103515625
0 0.7822265625 0.4775390625 0.064453125 0.072265625
0 0.6767578125 0.044921875 0.115234375 0.08984375
0 0.7421875 0.169921875 0.11328125 0.1640625
0 0.8291015625 0.134765625 0.119140625 0.1875
0 0.8583984375 0.6396484375 0.029296875 0.115234375
0 0.8349609375 0.7001953125 0.044921875 0.048828125
0 0.8583984375 0.7509765625 0.033203125 0.048828125
0 0.9384765625 0.845703125 0.107421875 0.16015625
0 0.87890625 0.9482421875 0.07421875 0.076171875
0 0.9443359375 0.4365234375 0.041015625 0.048828125
0 0.951171875 0.560546875 0.05859375 0.15234375
0 0.9326171875 0.3515625 0.048828125 0.078125
0 0.9130859375 0.0693359375 0.103515625 0.130859375
0 0.5087890625 0.67578125 0.048828125 0.09375
0 0.3681640625 0.396484375 0.076171875 0.0390625
2 0.96875 0.1494140625 0.05859375 0.095703125
2 0.8359375 0.142578125 0.1015625 0.1640625
2 0.95703125 0.521484375 0.04296875 0.07421875
2 0.7978515625 0.474609375 0.044921875 0.05078125
3 0.9404296875 0.84765625 0.095703125 0.16015625
5 0.7177734375 0.9521484375 0.048828125 0.037109375
5 0.7646484375 0.9072265625 0.033203125 0.041015625
5 0.2646484375 0.837890625 0.044921875 0.0390625
5 0.2880859375 0.7861328125 0.029296875 0.041015625
2 0.9697265625 0.3125 0.056640625 0.140625
4 0.07421875 0.3232421875 0.14453125 0.619140625
