2 0.1530763528539659 0.22520852641334568 0.06893995552260934 0.09267840593141798
2 0.3046701260192735 0.36654309545875813 0.07857672349888807 0.08063021316033364
2 0.13825055596738325 0.4397590361445783 0.09710896960711639 0.1102873030583874
4 0.4592290585618977 0.2664504170528267 0.5626389918458117 0.5273401297497683
1 0.6901408450704225 0.44300278035217794 0.04447739065974796 0.11677479147358666
1 0.6530763528539659 0.4995366079703429 0.04892512972572276 0.042632066728452274
1 0.7045959970348407 0.6320667284522706 0.11193476649369903 0.20759962928637626
1 0.7768717568569311 0.6408711770157554 0.07116382505559674 0.082483781278962
5 0.7446256486286138 0.7168674698795181 0.02446256486286138 0.030583873957367932
5 0.6971830985915493 0.8229842446709916 0.02446256486286138 0.042632066728452274
0 0.5733876945885842 0.9212233549582948 0.0452186805040771 0.04633920296570899
0 0.5652335063009637 0.10658016682113068 0.012601927353595256 0.022242817423540315
0 0.5959970348406227 0.12974976830398516 0.037064492216456635 0.05375347544022243
0 0.4840622683469237 0.016682113067655237 0.020756115641215715 0.024096385542168676
0 0.6141586360266864 0.06255792400370713 0.07338769458858414 0.09360518999073215
0 0.4951816160118606 0.08989805375347544 0.037064492216456635 0.03892493049119555
0 0.5378057820607858 0.023169601482854494 0.0363232023721275 0.027803521779425393
0 0.4440326167531505 0.2942539388322521 0.026686434395848776 0.03243744207599629
5 0.3710155670867309 0.3303985171455051 0.06300963676797627 0.11770157553290084
3 0.2601927353595256 0.6302131603336423 0.15715344699777614 0.34291010194624655
