3 0.5007412898443291 0.5009267840593142 0.9836916234247591 0.9555143651529193
1 0.717939214232765 0.48517145505097314 0.083765752409192 0.16589434661723818
0 0.8550778354336546 0.11770157553290084 0.07783543365455893 0.17794253938832252
0 0.8699036323202373 0.30583873957367935 0.025945144551519646 0.07228915662650602
0 0.7750185322461083 0.3572752548656163 0.018532246108228317 0.06209453197405004
0 0.6249073387694588 0.0685820203892493 0.042994810971089696 0.06672845227062095
0 0.5270570793180134 0.4782205746061168 0.029651593773165306 0.07414272474513438
0 0.5644922164566345 0.4911955514365153 0.025945144551519646 0.0685820203892493
0 0.5934025203854707 0.48748841519925856 0.015567086730911787 0.0685820203892493
0 0.6071163825055597 0.5074142724745134 0.014825796886582653 0.05282669138090825
0 0.6330615270570793 0.5213160333642262 0.031134173461823574 0.056533827618164965
0 0.49444032616753153 0.598239110287303 0.05485544848035582 0.07692307692307693
0 0.04002965159377316 0.30676552363299353 0.037064492216456635 0.08341056533827618
0 0.08524833209785027 0.2581093605189991 0.014825796886582653 0.03429101019462465
0 0.2079318013343217 0.19184430027803523 0.04966641957005189 0.042632066728452274
0 0.33765752409191996 0.13206672845227063 0.0452186805040771 0.04911955514365153
0 0.2664936990363232 0.4128822984244671 0.02742772424017791 0.04911955514365153
0 0.1927353595255745 0.540778498609824 0.0681986656782802 0.14365152919369786
0 0.9851742031134173 0.20342910101946246 0.023721275018532245 0.05838739573679333
0 0.9788732394366197 0.572289156626506 0.00815418828762046 0.05282669138090825
4 0.49258710155670865 0.7154772937905468 0.38917716827279464 0.31881371640407785
