3 0.49962935507783546 0.4986098239110287 0.9948109710896961 0.995366079703429
1 0.13787991104521868 0.5607043558850788 0.2713120830244626 0.871177015755329
1 0.21089696071163824 0.14550509731232622 0.27353595255744995 0.2891566265060241
1 0.31875463306152707 0.8345690454124189 0.09340252038547071 0.31974050046339203
0 0.34951816160118604 0.2154772937905468 0.03187546330615271 0.03243744207599629
0 0.3443291326908821 0.29008341056533826 0.034840622683469234 0.051899907321594066
0 0.37694588584136396 0.29935125115848005 0.025945144551519646 0.03892493049119555
0 0.3702742772424018 0.33642261353104724 0.034840622683469234 0.03151065801668211
0 0.3558191252779837 0.3758109360518999 0.03558191252779837 0.03429101019462465
0 0.35507783543365457 0.4040778498609824 0.056338028169014086 0.06302131603336422
0 0.3787991104521868 0.4490268767377201 0.0340993328391401 0.05282669138090825
0 0.3502594514455152 0.4592215013901761 0.02742772424017791 0.03614457831325301
0 0.5255744996293551 0.6223354958294718 0.0340993328391401 0.03985171455050973
0 0.7698295033358044 0.3257645968489342 0.033358042994810974 0.030583873957367932
0 0.7713120830244625 0.29703429101019463 0.02446256486286138 0.030583873957367932
0 0.7954040029651593 0.20667284522706209 0.031134173461823574 0.03892493049119555
0 0.7946627131208303 0.1645041705282669 0.028169014084507043 0.03429101019462465
0 0.8002223869532987 0.1422613531047266 0.02446256486286138 0.026876737720111215
0 0.7913269088213492 0.04309545875810936 0.028910303928836176 0.03243744207599629
0 0.7398072646404744 0.029657089898053754 0.0385470719051149 0.033364226135310475
0 0.5292809488510007 0.05004633920296571 0.05782060785767235 0.05004633920296571
0 0.5348406226834692 0.3697868396663577 0.02446256486286138 0.029657089898053754
5 0.3888065233506301 0.4782205746061168 0.06300963676797627 0.11492122335495829
5 0.44885100074128986 0.5491195551436515 0.0452186805040771 0.06209453197405004
4 0.9225352112676056 0.4986098239110287 0.14010378057820608 0.9916589434661723
4 0.8228317272053373 0.8141797961075069 0.3395107487027428 0.36051899907321594
4 0.2727946627131208 0.5551436515291936 0.1586360266864344 0.14272474513438368
