2 0.0966796875 0.60546875 0.076171875 0.15625
2 0.0869140625 0.791015625 0.080078125 0.0703125
2 0.96484375 0.26171875 0.046875 0.1015625
2 0.57421875 0.080078125 0.0546875 0.03515625
2 0.1904296875 0.298828125 0.134765625 0.14453125
2 0.2060546875 0.44140625 0.056640625 0.0859375
2 0.33984375 0.505859375 0.140625 0.21875
2 0.435546875 0.708984375 0.171875 0.18359375
2 0.5400390625 0.896484375 0.205078125 0.1953125
4 0.1943359375 0.494140625 0.376953125 0.97265625
5 0.1591796875 0.7998046875 0.033203125 0.041015625
0 0.880859375 0.34375 0.08984375 0.16796875
1 0.8486328125 0.8447265625 0.298828125 0.306640625
3 0.5205078125 0.498046875 0.939453125 0.9921875
