0 0.508524833209785 0.5449490268767377 0.0904373610081542 0.07414272474513438
0 0.5340993328391401 0.6000926784059314 0.0452186805040771 0.03243744207599629
0 0.33246849518161603 0.05421686746987952 0.040770941438102296 0.06209453197405004
0 0.2968865826538176 0.13067655236329936 0.05263157894736842 0.05004633920296571
0 0.3346923647146034 0.23493975903614459 0.034840622683469234 0.07506950880444857
0 0.40548554484803556 0.39202965708989806 0.01927353595255745 0.025949953660797033
0 0.3491475166790215 0.4499536607970343 0.02223869532987398 0.030583873957367932
0 0.37398072646404745 0.43836886005560705 0.02446256486286138 0.04633920296570899
0 0.4714603409933284 0.7650602409638554 0.025203854707190512 0.028730305838739572
0 0.46849518161601184 0.9314179796107507 0.02223869532987398 0.025949953660797033
5 0.22979985174203113 0.9555143651529193 0.05337286879169755 0.07043558850787766
5 0.18383988139362492 0.7293790546802595 0.08005930318754632 0.11677479147358666
5 0.3106004447739066 0.7131603336422614 0.03558191252779837 0.03614457831325301
5 0.346182357301705 0.7159406858202039 0.03261675315048184 0.037998146431881374
5 0.3283914010378058 0.7539388322520852 0.03261675315048184 0.026876737720111215
5 0.3257968865826538 0.8035217794253939 0.02742772424017791 0.04448563484708063
5 0.10007412898443291 0.5560704355885079 0.04744255003706449 0.051899907321594066
5 0.16048925129725722 0.535681186283596 0.040770941438102296 0.05560704355885079
5 0.23424759080800592 0.5889712696941612 0.0340993328391401 0.03429101019462465
5 0.2746478873239437 0.5185356811862836 0.033358042994810974 0.04170528266913809
5 0.29614529280948854 0.5468025949953661 0.028910303928836176 0.03892493049119555
5 0.3124536693847294 0.5240963855421686 0.028910303928836176 0.03243744207599629
5 0.536693847294292 0.12511584800741427 0.026686434395848776 0.03151065801668211
5 0.5174203113417346 0.16265060240963855 0.031134173461823574 0.037998146431881374
5 0.28020756115641215 0.8864689527340129 0.03558191252779837 0.037998146431881374
5 0.25611564121571534 0.2520852641334569 0.025945144551519646 0.027803521779425393
5 0.5782060785767235 0.5268767377201112 0.020756115641215715 0.05097312326227989
5 0.653817642698295 0.42910101946246526 0.04002965159377316 0.04819277108433735
3 0.4981467753891772 0.49721964782205746 0.9888806523350631 0.9814643188137164
4 0.1653076352853966 0.4819277108433735 0.312824314306894 0.917516218721038
4 0.4892512972572276 0.8869323447636701 0.32468495181616014 0.19462465245597776
4 0.684581171237954 0.48841519925857274 0.16234247590808007 0.7432808155699722
