2 0.140625 0.4111328125 0.08984375 0.060546875
2 0.064453125 0.546875 0.09765625 0.06640625
2 0.34375 0.322265625 0.04296875 0.0390625
2 0.3896484375 0.3759765625 0.037109375 0.048828125
2 0.345703125 0.4248046875 0.04296875 0.037109375
2 0.2978515625 0.396484375 0.029296875 0.04296875
2 0.2607421875 0.41796875 0.033203125 0.04296875
2 0.173828125 0.3212890625 0.23828125 0.166015625
2 0.1025390625 0.1826171875 0.048828125 0.037109375
2 0.060546875 0.1923828125 0.04296875 0.041015625
2 0.0478515625 0.166015625 0.087890625 0.13671875
2 0.18359375 0.0908203125 0.08203125 0.044921875
1 0.8603515625 0.7998046875 0.267578125 0.373046875
5 0.412109375 0.5478515625 0.02734375 0.041015625
5 0.4248046875 0.6123046875 0.044921875 0.044921875
5 0.29296875 0.4814453125 0.046875 0.041015625
