4 0.19458858413639732 0.2743280815569972 0.3684210526315789 0.5319740500463392
1 0.7001482579688658 0.9105653382761817 0.23943661971830985 0.1603336422613531
0 0.8332097850259451 0.6329935125115848 0.026686434395848776 0.04448563484708063
0 0.8402520385470719 0.7015755329008341 0.048183839881393624 0.0685820203892493
0 0.8558191252779836 0.5630213160333642 0.021497405485544848 0.026876737720111215
0 0.9043736100815419 0.6255792400370713 0.037064492216456635 0.05004633920296571
5 0.9618235730170497 0.6492122335495829 0.0452186805040771 0.07692307692307693
0 0.21793921423276502 0.4077849860982391 0.031134173461823574 0.029657089898053754
0 0.17753891771682728 0.4267840593141798 0.04966641957005189 0.06765523632993513
0 0.17234988880652335 0.5041705282669138 0.06597479614529281 0.06672845227062095
0 0.0681986656782802 0.7951807228915663 0.025203854707190512 0.022242817423540315
0 0.09266123054114159 0.8772011121408712 0.0385470719051149 0.12511584800741427
0 0.13269088213491476 0.943002780352178 0.03261675315048184 0.03429101019462465
0 0.18791697553743514 0.07460611677479147 0.022979985174203115 0.05468025949953661
0 0.21719792438843588 0.11260426320667284 0.03558191252779837 0.030583873957367932
0 0.2379540400296516 0.24513438368860055 0.05189028910303929 0.0639481000926784
0 0.23276501111934766 0.15801668211306766 0.03558191252779837 0.056533827618164965
0 0.2453669384729429 0.20945319740500462 0.023721275018532245 0.029657089898053754
0 0.1893995552260934 0.33178869323447635 0.028910303928836176 0.03151065801668211
