2 0.048183839881393624 0.22196478220574606 0.09488510007412898 0.13253012048192772
2 0.3161601186063751 0.5287303058387396 0.11045218680504076 0.1380908248378128
0 0.10266864343958487 0.5417052826691381 0.04373610081541883 0.060240963855421686
0 0.04262416604892513 0.6524559777571826 0.028910303928836176 0.04077849860982391
0 0.08673091178650852 0.8067655236329935 0.037064492216456635 0.03429101019462465
0 0.2746478873239437 0.8758109360518999 0.02742772424017791 0.03521779425393883
0 0.46553002223869533 0.46246524559777574 0.04002965159377316 0.10194624652455977
0 0.42327650111193477 0.23123262279888787 0.06375092661230541 0.06209453197405004
0 0.4362490733876946 0.33642261353104724 0.04225352112676056 0.04448563484708063
0 0.4814677538917717 0.3396663577386469 0.028910303928836176 0.04541241890639481
0 0.39918458117123795 0.35588507877664505 0.02001482579688658 0.022242817423540315
0 0.015937731653076354 0.29008341056533826 0.02742772424017791 0.04448563484708063
0 0.7883617494440326 0.2822057460611678 0.048183839881393624 0.04911955514365153
0 0.8180133432171979 0.25532900834105654 0.021497405485544848 0.04170528266913809
0 0.8558191252779836 0.22381835032437442 0.028910303928836176 0.03243744207599629
0 0.8091178650852483 0.1603336422613531 0.05856189770200148 0.05375347544022243
0 0.8387694588584136 0.1283595922150139 0.02742772424017791 0.03429101019462465
0 0.12898443291326908 0.030583873957367932 0.0385470719051149 0.051899907321594066
0 0.19421793921423278 0.04680259499536608 0.020756115641215715 0.025023169601482854
0 0.3876945885841364 0.5658016682113067 0.02223869532987398 0.03614457831325301
0 0.5841363973313566 0.4212233549582947 0.04151223128243143 0.03614457831325301
0 0.5459599703484063 0.4161260426320667 0.02742772424017791 0.025949953660797033
0 0.5326167531504818 0.45968489341983315 0.03780578206078577 0.04819277108433735
5 0.522238695329874 0.48841519925857274 0.021497405485544848 0.029657089898053754
5 0.5107487027427724 0.5880444856348471 0.023721275018532245 0.03614457831325301
0 0.7865085248332098 0.10148285449490269 0.02223869532987398 0.03243744207599629
0 0.01111934766493699 0.48887859128822986 0.017790956263899184 0.03429101019462465
0 0.44106745737583397 0.13623725671918444 0.02223869532987398 0.025949953660797033
0 0.4836916234247591 0.1830398517145505 0.033358042994810974 0.03429101019462465
0 0.6338028169014085 0.018535681186283594 0.01927353595255745 0.024096385542168676
