6 0.8367252543940795 0.11448019801980198 0.3135985198889917 0.2264851485148515
6 0.18917668825161887 0.11076732673267327 0.3580018501387604 0.21658415841584158
6 0.9403330249768732 0.47215346534653463 0.11008325624421832 0.33292079207920794
6 0.06845513413506013 0.422029702970297 0.12950971322849214 0.3712871287128713
0 0.1790009250693802 0.07797029702970297 0.09158186864014801 0.11138613861386139
0 0.8792784458834413 0.09777227722772278 0.0786308973172988 0.13613861386138615
4 0.45605920444033304 0.1577970297029703 0.4958371877890842 0.30074257425742573
4 0.8950046253469011 0.9226485148514851 0.19703977798334876 0.14975247524752475
4 0.9343200740055504 0.7438118811881188 0.11840888066604996 0.2079207920792079
2 0.498149861239593 0.4993811881188119 0.030527289546716005 0.038366336633663366
