2 0.9482421875 0.462890625 0.044921875 0.05859375
2 0.876953125 0.2802734375 0.046875 0.052734375
2 0.93359375 0.3544921875 0.0546875 0.056640625
2 0.1875 0.0244140625 0.11328125 0.048828125
2 0.541015625 0.01953125 0.171875 0.0390625
2 0.609375 0.05859375 0.06640625 0.03515625
2 0.73828125 0.0693359375 0.17578125 0.126953125
2 0.31640625 0.333984375 0.0625 0.04296875
2 0.380859375 0.359375 0.03515625 0.05078125
2 0.3798828125 0.4189453125 0.048828125 0.041015625
4 0.3681640625 0.775390625 0.591796875 0.4375
1 0.8564453125 0.884765625 0.228515625 0.21875
