5 0.2679762787249815 0.3827618164967563 0.02446256486286138 0.03151065801668211
5 0.29243884358784283 0.43002780352177944 0.02446256486286138 0.033364226135310475
5 0.2698295033358043 0.1468952734012975 0.06968124536693847 0.082483781278962
5 0.42105263157894735 0.03475440222428174 0.05930318754633061 0.0639481000926784
5 0.9696071163825055 0.530583873957368 0.0385470719051149 0.05097312326227989
1 0.11267605633802817 0.6088971269694161 0.22535211267605634 0.7784986098239111
1 0.36286137879911046 0.8132530120481928 0.2750185322461082 0.3697868396663577
4 0.21719792438843588 0.06672845227062095 0.2861378799110452 0.12418906394810009
0 0.5952557449962935 0.3716404077849861 0.029651593773165306 0.025949953660797033
0 0.639362490733877 0.3934198331788693 0.04373610081541883 0.03429101019462465
0 0.7420311341734618 0.3586654309545876 0.037064492216456635 0.03151065801668211
0 0.8235730170496665 0.31835032437442073 0.029651593773165306 0.025023169601482854
0 0.7779836916234247 0.17377201112140872 0.033358042994810974 0.03243744207599629
0 0.734988880652335 0.20389249304911955 0.06745737583395107 0.027803521779425393
0 0.5352112676056338 0.027803521779425393 0.042994810971089696 0.04633920296570899
0 0.6063750926612306 0.07043558850787766 0.02223869532987398 0.022242817423540315
0 0.6071163825055597 0.10287303058387395 0.020756115641215715 0.020389249304911955
0 0.8565604151223128 0.2303058387395737 0.04670126019273536 0.10472659870250231
0 0.793180133432172 0.5708989805375347 0.03558191252779837 0.09823911028730306
0 0.8628613787991104 0.11631139944392957 0.017790956263899184 0.026876737720111215
0 0.4128984432913269 0.04309545875810936 0.026686434395848776 0.03985171455050973
5 0.5277983691623425 0.41473586654309547 0.025203854707190512 0.03985171455050973
5 0.3535952557449963 0.73725671918443 0.017790956263899184 0.03243744207599629
5 0.3654558932542624 0.42400370713623725 0.02223869532987398 0.026876737720111215
5 0.5063009636767977 0.20667284522706209 0.017790956263899184 0.022242817423540315
5 0.3524833209785026 0.2391102873030584 0.022979985174203115 0.03892493049119555
5 0.7898443291326909 0.08989805375347544 0.022979985174203115 0.05004633920296571
5 0.7457375833951075 0.07182576459684893 0.020756115641215715 0.030583873957367932
5 0.6916234247590808 0.34244670991658943 0.01927353595255745 0.028730305838739572
5 0.6908821349147517 0.3049119555143652 0.023721275018532245 0.022242817423540315
5 0.734247590808006 0.30954587581093607 0.02446256486286138 0.04633920296570899
5 0.7809488510007413 0.34986098239110286 0.0363232023721275 0.06209453197405004
5 0.7553743513713862 0.2664504170528267 0.050407709414381024 0.0639481000926784
5 0.843587842846553 0.5319740500463392 0.04002965159377316 0.04077849860982391
