1 0.5492957746478874 0.8493975903614458 0.6449221645663454 0.293790546802595
1 0.6601186063750927 0.5936051899907322 0.6352853965900667 0.22335495829471733
2 0.30429948109710897 0.38368860055607046 0.09562638991845812 0.11492122335495829
2 0.16456634544106746 0.48007414272474513 0.09340252038547071 0.11862835959221502
2 0.03039288361749444 0.6325301204819277 0.05930318754633061 0.13623725671918444
2 0.1697553743513714 0.2432808155699722 0.07561156412157154 0.10287303058387395
4 0.10637509266123055 0.33549582947173306 0.20533728687916974 0.6506024096385542
4 0.45329873980726465 0.09870250231696015 0.4840622683469237 0.17701575532900835
4 0.35841363973313567 0.2808155699721965 0.2972572275759822 0.19091751621872105
4 0.2742772424017791 0.5060240963855421 0.13046701260192736 0.25764596848934196
0 0.38176426982950334 0.06302131603336422 0.01630837657524092 0.027803521779425393
0 0.4295774647887324 0.06997219647822057 0.012601927353595256 0.021316033364226137
0 0.4473684210526316 0.05282669138090825 0.015567086730911787 0.027803521779425393
0 0.4618235730170497 0.04911955514365153 0.010378057820607857 0.027803521779425393
0 0.5011119347664937 0.1686746987951807 0.017790956263899184 0.022242817423540315
0 0.522238695329874 0.15755329008341057 0.014084507042253521 0.03707136237256719
0 0.4836916234247591 0.1464318813716404 0.014084507042253521 0.042632066728452274
