0 0.8565604151223128 0.2873030583873957 0.021497405485544848 0.029657089898053754
0 0.5400296515937731 0.22984244670991658 0.03039288361749444 0.03151065801668211
0 0.5329873980726464 0.24930491195551435 0.01927353595255745 0.018535681186283594
0 0.7813194959229058 0.013901760889712697 0.017790956263899184 0.018535681186283594
0 0.36397331356560414 0.283595922150139 0.01927353595255745 0.022242817423540315
0 0.46590066716085987 0.12928637627432807 0.01111934766493699 0.019462465245597776
0 0.4873980726464047 0.1376274328081557 0.015567086730911787 0.015755329008341055
1 0.1245366938472943 0.3683966635773865 0.2475908080059303 0.736793327154773
1 0.44996293550778355 0.964318813716404 0.28169014084507044 0.06765523632993513
1 0.3687916975537435 0.8646895273401297 0.6041512231282431 0.2669138090824838
1 0.14936990363232025 0.8790546802594995 0.12083024462564863 0.22706209453197404
1 0.06634544106745738 0.4712696941612604 0.09266123054114159 0.1974050046339203
5 0.6630837657524092 0.417516218721038 0.028910303928836176 0.03614457831325301
5 0.5552260934025204 0.28313253012048195 0.03261675315048184 0.04541241890639481
5 0.4633061527057079 0.09128822984244671 0.03261675315048184 0.10472659870250231
5 0.5014825796886583 0.1603336422613531 0.04966641957005189 0.07414272474513438
5 0.4966641957005189 0.242354031510658 0.05337286879169755 0.056533827618164965
5 0.7605633802816901 0.1645041705282669 0.01927353595255745 0.023169601482854494
5 0.6953298739807264 0.1102873030583874 0.01927353595255745 0.029657089898053754
5 0.4329132690882135 0.3632993512511585 0.01927353595255745 0.025949953660797033
5 0.4507042253521127 0.3827618164967563 0.01630837657524092 0.024096385542168676
5 0.4473684210526316 0.27710843373493976 0.02001482579688658 0.025949953660797033
5 0.46738324684951815 0.26135310472659873 0.01704966641957005 0.025949953660797033
4 0.7175685693106004 0.4995366079703429 0.553002223869533 0.9935125115848007
