5 0.8736100815418829 0.15848007414272475 0.022979985174203115 0.033364226135310475
5 0.8502594514455152 0.08294717330861909 0.014825796886582653 0.019462465245597776
5 0.8613787991104522 0.10518999073215941 0.017790956263899184 0.023169601482854494
5 0.8265381764269829 0.08433734939759036 0.01630837657524092 0.018535681186283594
5 0.7746478873239436 0.0778498609823911 0.014825796886582653 0.025949953660797033
5 0.8117123795404003 0.13438368860055608 0.020756115641215715 0.025949953660797033
5 0.8332097850259451 0.13948100092678406 0.01630837657524092 0.028730305838739572
5 0.8469236471460341 0.1691380908248378 0.01704966641957005 0.03243744207599629
5 0.05967383246849518 0.13623725671918444 0.03187546330615271 0.042632066728452274
5 0.8421052631578947 0.2822057460611678 0.06968124536693847 0.08804448563484708
5 0.8398813936249073 0.20064874884151992 0.11267605633802817 0.08619091751621873
5 0.8265381764269829 0.03614457831325301 0.05782060785767235 0.07043558850787766
5 0.913639733135656 0.10843373493975904 0.02001482579688658 0.025949953660797033
5 0.2887323943661972 0.16682113067655235 0.02742772424017791 0.025949953660797033
5 0.19347664936990364 0.3392029657089898 0.01927353595255745 0.025949953660797033
5 0.35656041512231285 0.17979610750695088 0.023721275018532245 0.027803521779425393
5 0.6071163825055597 0.18072289156626506 0.020756115641215715 0.025949953660797033
5 0.6404744255003706 0.19184430027803523 0.01927353595255745 0.024096385542168676
5 0.6100815418828762 0.211306765523633 0.01927353595255745 0.024096385542168676
0 0.42883617494440324 0.6172381835032438 0.021497405485544848 0.022242817423540315
0 0.5381764269829503 0.7099165894346617 0.017790956263899184 0.022242817423540315
0 0.5567086730911787 0.7219647822057461 0.010378057820607857 0.022242817423540315
0 0.5174203113417346 0.7228915662650602 0.017790956263899184 0.020389249304911955
0 0.5500370644922165 0.6575532900834106 0.01630837657524092 0.013901760889712697
0 0.5822831727205338 0.669601482854495 0.015567086730911787 0.026876737720111215
0 0.6148999258710156 0.7228915662650602 0.028910303928836176 0.04448563484708063
0 0.5952557449962935 0.7210379981464319 0.01630837657524092 0.024096385542168676
0 0.6330615270570793 0.6130676552363299 0.0340993328391401 0.03429101019462465
0 0.6693847294292068 0.6978683966635774 0.01630837657524092 0.025949953660797033
0 0.6426982950333581 0.7247451343836886 0.017790956263899184 0.024096385542168676
0 0.5704225352112676 0.9291010194624653 0.021497405485544848 0.030583873957367932
0 0.7575982209043736 0.9365152919369787 0.025203854707190512 0.03243744207599629
0 0.8254262416604893 0.18489341983317886 0.028910303928836176 0.04170528266913809
1 0.8891771682727947 0.9189063948100092 0.1608598962194218 0.15477293790546803
4 0.41215715344699777 0.597775718257646 0.575240919199407 0.6357738646895273
