5 0.9080800593031876 0.2812789620018536 0.12008895478131949 0.15848007414272475
5 0.9343958487768718 0.16172381835032437 0.025945144551519646 0.028730305838739572
5 0.9191994069681245 0.3989805375347544 0.017790956263899184 0.023169601482854494
5 0.9785025945144552 0.4170528266913809 0.023721275018532245 0.03521779425393883
5 0.8910303928836175 0.4772937905468026 0.08302446256486286 0.0963855421686747
5 0.7713120830244625 0.629286376274328 0.11045218680504076 0.10750695088044486
5 0.8750926612305412 0.6927710843373494 0.08673091178650852 0.2567191844300278
5 0.885470719051149 0.865616311399444 0.09117865085248332 0.07599629286376275
5 0.6578947368421053 0.634383688600556 0.06745737583395107 0.09731232622798888
0 0.2746478873239437 0.3568118628359592 0.040770941438102296 0.07228915662650602
0 0.2698295033358043 0.19647822057460612 0.050407709414381024 0.029657089898053754
0 0.28650852483320977 0.23493975903614459 0.07042253521126761 0.06209453197405004
0 0.11823573017049667 0.04494902687673772 0.02742772424017791 0.028730305838739572
0 0.35804299481097107 0.0963855421686747 0.031134173461823574 0.025949953660797033
0 0.416234247590808 0.14411492122335495 0.02446256486286138 0.03429101019462465
0 0.4696071163825056 0.17238183503243745 0.0452186805040771 0.03892493049119555
0 0.43773165307635287 0.21918443002780352 0.03780578206078577 0.03429101019462465
0 0.4369903632320237 0.35959221501390176 0.03039288361749444 0.042632066728452274
0 0.3669384729429207 0.2891566265060241 0.02223869532987398 0.025949953660797033
1 0.4329132690882135 0.8878591288229842 0.7842846553002224 0.21686746987951808
5 0.9473684210526315 0.6955514365152919 0.025203854707190512 0.04170528266913809
4 0.3220904373610082 0.3345690454124189 0.636767976278725 0.6561631139944393
5 0.8228317272053373 0.18999073215940684 0.07561156412157154 0.08897126969416126
5 0.7390659747961453 0.27201112140871175 0.0340993328391401 0.05282669138090825
