4 0.515625 0.35546875 0.484375 0.4453125
4 0.3388671875 0.7197265625 0.572265625 0.556640625
4 0.1796875 0.306640625 0.1796875 0.2421875
2 0.8154296875 0.2431640625 0.037109375 0.041015625
2 0.037109375 0.38671875 0.03515625 0.046875
2 0.017578125 0.4658203125 0.03125 0.080078125
2 0.015625 0.583984375 0.0234375 0.05859375
2 0.041015625 0.7421875 0.05078125 0.05078125
2 0.81640625 0.0595703125 0.07421875 0.080078125
2 0.10546875 0.2099609375 0.04296875 0.076171875
2 0.0751953125 0.13671875 0.048828125 0.046875
2 0.021484375 0.1533203125 0.03125 0.041015625
2 0.1337890625 0.0419921875 0.095703125 0.083984375
2 0.2294921875 0.0498046875 0.048828125 0.056640625
1 0.8427734375 0.919921875 0.158203125 0.15625
