0 0.42587101556708673 0.3860055607043559 0.06893995552260934 0.09916589434661724
0 0.4095626389918458 0.12511584800741427 0.12083024462564863 0.05560704355885079
0 0.33098591549295775 0.13531047265987026 0.02742772424017791 0.03521779425393883
0 0.2954040029651594 0.1376274328081557 0.0363232023721275 0.03985171455050973
0 0.27057079318013344 0.14967562557924002 0.025203854707190512 0.028730305838739572
0 0.2453669384729429 0.1645041705282669 0.04002965159377316 0.03429101019462465
0 0.2157153446997776 0.18582020389249304 0.0385470719051149 0.04355885078776645
0 0.19014084507042253 0.20806302131603335 0.018532246108228317 0.03243744207599629
0 0.15344699777613047 0.22196478220574606 0.05485544848035582 0.04911955514365153
0 0.08450704225352113 0.18860055607043558 0.05930318754633061 0.05468025949953661
0 0.18050407709414382 0.18489341983317886 0.03187546330615271 0.030583873957367932
0 0.5963676797627873 0.07599629286376275 0.04966641957005189 0.04633920296570899
0 0.6011860637509266 0.25996292863762743 0.037064492216456635 0.028730305838739572
0 0.5678280207561156 0.20064874884151992 0.0385470719051149 0.037998146431881374
0 0.40696812453669384 0.23215940685820205 0.02223869532987398 0.028730305838739572
0 0.38065233506300966 0.24791473586654308 0.033358042994810974 0.03243744207599629
0 0.363232023721275 0.21501390176088972 0.0340993328391401 0.029657089898053754
0 0.2127501853224611 0.5240963855421686 0.07116382505559674 0.060240963855421686
0 0.2168272794662713 0.6190917516218721 0.04670126019273536 0.05004633920296571
0 0.27057079318013344 0.6853568118628359 0.05782060785767235 0.06209453197405004
0 0.3172720533728688 0.736793327154773 0.04447739065974796 0.04819277108433735
0 0.3839881393624907 0.7391102873030584 0.042994810971089696 0.060240963855421686
0 0.4970348406226835 0.6867469879518072 0.04225352112676056 0.05560704355885079
0 0.5793180133432172 0.6102873030583874 0.022979985174203115 0.028730305838739572
0 0.09117865085248332 0.8929564411492122 0.056338028169014086 0.08619091751621873
0 0.1497405485544848 0.9388322520852641 0.04151223128243143 0.07414272474513438
0 0.6990363232023721 0.6214087117701576 0.04002965159377316 0.037998146431881374
0 0.7279466271312083 0.6167747914735866 0.017790956263899184 0.03429101019462465
0 0.7498146775389177 0.6241890639481001 0.022979985174203115 0.03614457831325301
0 0.8039288361749444 0.6580166821130676 0.028910303928836176 0.04819277108433735
0 0.9840622683469237 0.6051899907321594 0.028910303928836176 0.042632066728452274
0 0.7131208302446257 0.9582947173308619 0.04002965159377316 0.07228915662650602
0 0.6015567086730912 0.9425393883225208 0.034840622683469234 0.04819277108433735
0 0.6212008895478132 0.8447636700648748 0.01630837657524092 0.030583873957367932
0 0.6282431430689399 0.8952734012974977 0.01704966641957005 0.022242817423540315
0 0.6671608598962194 0.7822057460611678 0.07561156412157154 0.22798887859128822
0 0.477761304670126 0.8758109360518999 0.028910303928836176 0.051899907321594066
0 0.19644180874722017 0.14504170528266913 0.03558191252779837 0.03614457831325301
0 0.187175685693106 0.032900834105653386 0.025945144551519646 0.03243744207599629
0 0.13454410674573758 0.0639481000926784 0.02742772424017791 0.04633920296570899
0 0.4217939214232765 0.5866543095458758 0.02223869532987398 0.025949953660797033
0 0.4173461823573017 0.6394810009267841 0.017790956263899184 0.025949953660797033
0 0.6571534469977761 0.9527340129749768 0.002223869532987398 0.024096385542168676
0 0.6901408450704225 0.530583873957368 0.028169014084507043 0.03429101019462465
5 0.9184581171237954 0.5940685820203893 0.029651593773165306 0.03151065801668211
5 0.4158636026686434 0.6686746987951807 0.017790956263899184 0.019462465245597776
5 0.3710155670867309 0.6686746987951807 0.018532246108228317 0.019462465245597776
5 0.06300963676797627 0.7497683039851715 0.01927353595255745 0.025949953660797033
