4 0.7312824314306894 0.8600556070435589 0.47961452928094883 0.24096385542168675
4 0.8750926612305412 0.12001853568118628 0.2112676056338028 0.21037998146431883
1 0.11267605633802817 0.2873030583873957 0.20459599703484063 0.5375347544022243
5 0.17902149740548554 0.2803521779425394 0.02742772424017791 0.04170528266913809
5 0.1641957005189029 0.3215940685820204 0.04966641957005189 0.04819277108433735
5 0.187175685693106 0.42446709916589437 0.021497405485544848 0.04448563484708063
5 0.2268346923647146 0.31510658016682114 0.0385470719051149 0.06672845227062095
5 0.27575982209043737 0.283595922150139 0.017790956263899184 0.04819277108433735
5 0.2894736842105263 0.3359592215013902 0.03187546330615271 0.056533827618164965
5 0.31356560415122314 0.35217794253938833 0.01630837657524092 0.04077849860982391
5 0.35174203113417346 0.33178869323447635 0.05263157894736842 0.07228915662650602
5 0.34210526315789475 0.3994439295644115 0.01704966641957005 0.03892493049119555
5 0.2553743513713862 0.16126042632066728 0.025945144551519646 0.03892493049119555
5 0.2761304670126019 0.1793327154772938 0.03039288361749444 0.03429101019462465
5 0.30133432171979246 0.1936978683966636 0.02742772424017791 0.05004633920296571
5 0.3858413639733136 0.21269694161260427 0.02742772424017791 0.04541241890639481
5 0.282060785767235 0.022706209453197405 0.04670126019273536 0.03614457831325301
5 0.4106745737583395 0.0690454124189064 0.10081541882876205 0.11770157553290084
5 0.3398813936249073 0.27293790546802593 0.18458117123795403 0.2381835032437442
5 0.4481097108969607 0.7877664504170528 0.028910303928836176 0.04633920296570899
5 0.4351371386212009 0.8327154772937906 0.01927353595255745 0.03614457831325301
5 0.19681245366938474 0.9763670064874884 0.10155670867309118 0.03614457831325301
5 0.4406968124536694 0.5398517145505097 0.02446256486286138 0.03243744207599629
5 0.41475166790214973 0.572289156626506 0.00815418828762046 0.028730305838739572
5 0.4536693847294292 0.5759962928637627 0.014825796886582653 0.028730305838739572
5 0.4892512972572276 0.5736793327154773 0.023721275018532245 0.04633920296570899
5 0.5170496664195701 0.5481927710843374 0.028910303928836176 0.056533827618164965
5 0.535952557449963 0.6126042632066728 0.026686434395848776 0.04077849860982391
5 0.5611564121571534 0.7075996292863763 0.029651593773165306 0.04541241890639481
5 0.6037805782060786 0.8493975903614458 0.04670126019273536 0.05282669138090825
5 0.4970348406226835 0.9360518999073216 0.04373610081541883 0.04448563484708063
5 0.5552260934025204 0.43605189990732157 0.023721275018532245 0.037998146431881374
5 0.6408450704225352 0.4879518072289157 0.033358042994810974 0.05468025949953661
5 0.6916234247590808 0.4355885078776645 0.03558191252779837 0.09082483781278962
5 0.6441808747220164 0.17562557924003708 0.04002965159377316 0.03429101019462465
5 0.6300963676797627 0.22752548656163113 0.017790956263899184 0.030583873957367932
5 0.656412157153447 0.23262279888785914 0.02001482579688658 0.027803521779425393
5 0.5237212750185323 0.20945319740500462 0.022979985174203115 0.04633920296570899
5 0.5114899925871016 0.1784059314179796 0.0340993328391401 0.04911955514365153
5 0.47553743513713864 0.1793327154772938 0.0748702742772424 0.14365152919369786
5 0.5489251297257227 0.24791473586654308 0.01111934766493699 0.030583873957367932
