5 0.7409191994069682 0.6098239110287303 0.04373610081541883 0.04819277108433735
5 0.7016308376575241 0.5852641334569045 0.03187546330615271 0.030583873957367932
5 0.6964418087472202 0.6204819277108434 0.025945144551519646 0.03985171455050973
5 0.6534469977761305 0.6302131603336423 0.03187546330615271 0.03707136237256719
5 0.6397331356560415 0.6770157553290084 0.04002965159377316 0.060240963855421686
5 0.5904373610081541 0.6987951807228916 0.03187546330615271 0.04077849860982391
5 0.6126760563380281 0.7428174235403151 0.028910303928836176 0.03614457831325301
5 0.6426982950333581 0.7613531047265987 0.026686434395848776 0.03614457831325301
5 0.5911786508524833 0.5973123262279889 0.03039288361749444 0.037998146431881374
5 0.5815418828762046 0.6376274328081557 0.021497405485544848 0.025949953660797033
5 0.6082283172720534 0.6482854494902688 0.025945144551519646 0.04355885078776645
5 0.5604151223128243 0.6130676552363299 0.020756115641215715 0.037998146431881374
5 0.5422535211267606 0.639017608897127 0.022979985174203115 0.037998146431881374
5 0.5526315789473685 0.6899907321594069 0.033358042994810974 0.05838739573679333
5 0.5044477390659748 0.6024096385542169 0.05263157894736842 0.06487488415199258
5 0.5170496664195701 0.6635773864689527 0.03039288361749444 0.04633920296570899
5 0.502594514455152 0.6936978683966636 0.0340993328391401 0.037998146431881374
5 0.47961452928094883 0.7117701575532901 0.02223869532987398 0.025949953660797033
5 0.43995552260934023 0.6746987951807228 0.04966641957005189 0.05560704355885079
5 0.4570051890289103 0.6232622798887859 0.03187546330615271 0.037998146431881374
5 0.4065974796145293 0.6316033364226136 0.02446256486286138 0.03429101019462465
5 0.3636026686434396 0.634383688600556 0.05114899925871016 0.03985171455050973
5 0.38028169014084506 0.6886005560704356 0.056338028169014086 0.061167747914735865
5 0.2909562638991846 0.629286376274328 0.02742772424017791 0.03892493049119555
5 0.28020756115641215 0.6645041705282669 0.03261675315048184 0.03707136237256719
5 0.3257968865826538 0.6756255792400371 0.04966641957005189 0.06302131603336422
5 0.2776130467012602 0.7391102873030584 0.06893995552260934 0.0917516218721038
5 0.33728687916975536 0.7613531047265987 0.04002965159377316 0.0639481000926784
5 0.33728687916975536 0.7191844300278035 0.023721275018532245 0.027803521779425393
5 0.3002223869532987 0.8577386468952733 0.04595997034840623 0.056533827618164965
5 0.279466271312083 0.8053753475440223 0.037064492216456635 0.04077849860982391
5 0.24388435878428466 0.830398517145505 0.050407709414381024 0.0778498609823911
5 0.2134914751667902 0.7822057460611678 0.020756115641215715 0.03521779425393883
5 0.42438843587842845 0.7242817423540315 0.03039288361749444 0.037998146431881374
5 0.19014084507042253 0.8188137164040779 0.028910303928836176 0.037998146431881374
5 0.16048925129725722 0.8419833178869324 0.060044477390659746 0.056533827618164965
5 0.21756856931060045 0.6561631139944393 0.048183839881393624 0.07228915662650602
5 0.17272053372868792 0.6482854494902688 0.03558191252779837 0.04355885078776645
5 0.12898443291326908 0.6232622798887859 0.01630837657524092 0.030583873957367932
5 0.14899925871015568 0.6431881371640408 0.017790956263899184 0.04633920296570899
5 0.030022238695329873 0.4995366079703429 0.02742772424017791 0.04448563484708063
5 0.035211267605633804 0.7451343836886005 0.02446256486286138 0.04819277108433735
5 0.05374351371386212 0.7279888785912882 0.025945144551519646 0.05097312326227989
5 0.3402520385470719 0.906858202038925 0.023721275018532245 0.03429101019462465
5 0.3146775389177168 0.9026876737720111 0.01704966641957005 0.029657089898053754
5 0.20941438102298 0.8577386468952733 0.022979985174203115 0.025023169601482854
5 0.42809488510007415 0.9684893419833179 0.025945144551519646 0.03151065801668211
5 0.39436619718309857 0.9499536607970342 0.01927353595255745 0.024096385542168676
5 0.45441067457375833 0.7307692307692307 0.020756115641215715 0.028730305838739572
5 0.10303928836174944 0.8466172381835032 0.01927353595255745 0.026876737720111215
5 0.3888065233506301 0.757645968489342 0.06597479614529281 0.082483781278962
5 0.6771682727946627 0.6923076923076923 0.028910303928836176 0.07228915662650602
5 0.8005930318754633 0.6385542168674698 0.020756115641215715 0.027803521779425393
5 0.8187546330615271 0.6200185356811863 0.018532246108228317 0.024096385542168676
5 0.832468495181616 0.6482854494902688 0.026686434395848776 0.03243744207599629
5 0.8636026686434396 0.7465245597775718 0.01927353595255745 0.03614457831325301
5 0.8335804299481097 0.7511584800741428 0.028910303928836176 0.03243744207599629
5 0.8065233506300964 0.7544022242817423 0.014825796886582653 0.025949953660797033
5 0.7865085248332098 0.758109360518999 0.01630837657524092 0.025949953660797033
5 0.7616753150481839 0.7618164967562558 0.02742772424017791 0.025949953660797033
0 0.06745737583395107 0.5991658943466173 0.020756115641215715 0.047265987025023166
0 0.15011119347664936 0.8883225208526413 0.03187546330615271 0.03614457831325301
0 0.14603409933283915 0.9240037071362373 0.017790956263899184 0.024096385542168676
0 0.1486286137879911 0.8354958294717331 0.028910303928836176 0.04911955514365153
0 0.3839881393624907 0.9110287303058388 0.037064492216456635 0.03521779425393883
0 0.4110452186805041 0.845227062094532 0.02742772424017791 0.04819277108433735
0 0.4681245366938473 0.8266913809082483 0.028910303928836176 0.029657089898053754
0 0.4614529280948851 0.8595922150139017 0.028910303928836176 0.03614457831325301
0 0.6730911786508524 0.8883225208526413 0.0340993328391401 0.03614457831325301
0 0.6767976278724982 0.8405931417979611 0.020756115641215715 0.029657089898053754
0 0.7045959970348407 0.8535681186283596 0.015567086730911787 0.027803521779425393
0 0.7142327650111193 0.7256719184430028 0.02001482579688658 0.022242817423540315
0 0.7268346923647147 0.6955514365152919 0.025945144551519646 0.03429101019462465
0 0.6864343958487769 0.6946246524559777 0.017790956263899184 0.028730305838739572
0 0.8687916975537435 0.5889712696941612 0.01630837657524092 0.026876737720111215
0 0.33320978502594517 0.7664504170528267 0.028910303928836176 0.04633920296570899
0 0.3669384729429207 0.773401297497683 0.01630837657524092 0.028730305838739572
0 0.3476649369903632 0.8072289156626506 0.02223869532987398 0.04448563484708063
0 0.3395107487027428 0.8466172381835032 0.02223869532987398 0.026876737720111215
0 0.3558191252779837 0.8776645041705282 0.01927353595255745 0.027803521779425393
1 0.38621200889547813 0.19601482854494903 0.765011119347665 0.3827618164967563
5 0.6267605633802817 0.9207599629286376 0.05263157894736842 0.05468025949953661
5 0.507783543365456 0.4782205746061168 0.07857672349888807 0.04633920296570899
5 0.762416604892513 0.9170528266913809 0.022979985174203115 0.023169601482854494
5 0.8072646404744255 0.892029657089898 0.02223869532987398 0.028730305838739572
5 0.7850259451445515 0.8637627432808156 0.03558191252779837 0.04448563484708063
