5 0.8447265625 0.7939453125 0.048828125 0.048828125
5 0.8623046875 0.8740234375 0.052734375 0.052734375
5 0.6640625 0.9228515625 0.046875 0.044921875
5 0.3994140625 0.96875 0.041015625 0.03125
5 0.947265625 0.421875 0.06640625 0.046875
5 0.8837890625 0.2392578125 0.083984375 0.142578125
5 0.7841796875 0.298828125 0.115234375 0.06640625
5 0.8232421875 0.37109375 0.056640625 0.08984375
5 0.7109375 0.3408203125 0.0625 0.080078125
5 0.5869140625 0.87109375 0.041015625 0.0390625
5 0.560546875 0.7880859375 0.0390625 0.052734375
2 0.9306640625 0.1962890625 0.091796875 0.142578125
5 0.0400390625 0.6015625 0.037109375 0.0546875
5 0.8671875 0.130859375 0.05859375 0.0625
5 0.62890625 0.1357421875 0.046875 0.044921875
5 0.162109375 0.57421875 0.04296875 0.02734375
5 0.314453125 0.8125 0.0390625 0.046875
