5 0.43587842846553004 0.0732159406858202 0.037064492216456635 0.08155699721964782
5 0.47368421052631576 0.133920296570899 0.04892512972572276 0.060240963855421686
5 0.5374351371386212 0.24096385542168675 0.037064492216456635 0.04077849860982391
5 0.5526315789473685 0.2859128822984245 0.028910303928836176 0.03429101019462465
0 0.05930318754633061 0.4499536607970343 0.10229799851742032 0.20852641334569044
0 0.02557449962935508 0.5625579240037072 0.03039288361749444 0.09267840593141798
0 0.04892512972572276 0.6765523632993512 0.04151223128243143 0.11492122335495829
0 0.07746478873239436 0.6204819277108434 0.02446256486286138 0.028730305838739572
0 0.0826538176426983 0.6890639481000926 0.039288361749444035 0.03243744207599629
0 0.08598962194217939 0.7256719184430028 0.025203854707190512 0.024096385542168676
0 0.1167531504818384 0.788693234476367 0.0363232023721275 0.09267840593141798
0 0.12268346923647146 0.9198331788693235 0.0793180133432172 0.11399443929564411
0 0.167531504818384 0.9721964782205746 0.031134173461823574 0.04448563484708063
0 0.2446256486286138 0.8924930491195552 0.08747220163083766 0.12233549582947173
0 0.32431430689399554 0.9745134383688601 0.03039288361749444 0.028730305838739572
0 0.39140103780578206 0.9680259499536608 0.04151223128243143 0.05282669138090825
0 0.4844329132690882 0.9851714550509731 0.07635285396590066 0.025949953660797033
0 0.06745737583395107 0.29240037071362374 0.037064492216456635 0.04170528266913809
1 0.10378057820607858 0.16543095458758109 0.19421793921423278 0.3086190917516219
4 0.38954781319495924 0.29564411492122333 0.025945144551519646 0.12604263206672844
4 0.6816160118606375 0.4893419833178869 0.6026686434395849 0.969416126042632
0 0.8573017049666419 0.27803521779425394 0.021497405485544848 0.042632066728452274
5 0.6682727946627132 0.4161260426320667 0.03039288361749444 0.042632066728452274
5 0.49962935507783546 0.23215940685820205 0.04447739065974796 0.05468025949953661
0 0.458117123795404 0.11770157553290084 0.017790956263899184 0.033364226135310475
0 0.4825796886582654 0.1278962001853568 0.014825796886582653 0.027803521779425393
0 0.5270570793180134 0.24420759962928637 0.025203854707190512 0.026876737720111215
0 0.5422535211267606 0.2284522706209453 0.02742772424017791 0.03614457831325301
0 0.08821349147516679 0.5806302131603337 0.07561156412157154 0.08063021316033364
0 0.14084507042253522 0.5806302131603337 0.029651593773165306 0.03243744207599629
