1 0.055967383246849516 0.7201112140871178 0.10748702742772424 0.4040778498609824
0 0.14010378057820608 0.5254865616311399 0.04151223128243143 0.06487488415199258
0 0.5051890289103039 0.6765523632993512 0.028910303928836176 0.03707136237256719
0 0.5455893254262416 0.6955514365152919 0.02223869532987398 0.030583873957367932
0 0.5685693106004448 0.6835032437442076 0.023721275018532245 0.04170528266913809
0 0.6578947368421053 0.654772937905468 0.034840622683469234 0.03243744207599629
0 0.6975537435137139 0.634383688600556 0.0340993328391401 0.03614457831325301
0 0.712750185322461 0.602873030583874 0.022979985174203115 0.03429101019462465
0 0.6612305411415864 0.48007414272474513 0.03261675315048184 0.042632066728452274
0 0.6297257227575982 0.49582947173308617 0.02742772424017791 0.027803521779425393
0 0.6226834692364714 0.07182576459684893 0.05485544848035582 0.03429101019462465
0 0.7664936990363233 0.12604263206672844 0.0340993328391401 0.05004633920296571
0 0.8413639733135656 0.12418906394810009 0.05189028910303929 0.05375347544022243
0 0.8661971830985915 0.029657089898053754 0.03039288361749444 0.033364226135310475
0 0.8962194217939214 0.05792400370713624 0.02223869532987398 0.03429101019462465
0 0.7883617494440326 0.015291936978683966 0.04225352112676056 0.030583873957367932
0 0.3083765752409192 0.3480074142724745 0.056338028169014086 0.07877664504170528
0 0.5140845070422535 0.3809082483781279 0.02742772424017791 0.0685820203892493
0 0.4570051890289103 0.29842446709916587 0.0452186805040771 0.05560704355885079
0 0.4251297257227576 0.3443002780352178 0.048183839881393624 0.03985171455050973
0 0.7813194959229058 0.5143651529193698 0.056338028169014086 0.07043558850787766
0 0.16864343958487768 0.4569045412418906 0.02446256486286138 0.024096385542168676
0 0.49629355077835435 0.1645041705282669 0.02446256486286138 0.04170528266913809
0 0.5355819125277984 0.12511584800741427 0.03187546330615271 0.06487488415199258
0 0.5593031875463306 0.08665430954587582 0.02446256486286138 0.03243744207599629
0 0.7857672349888807 0.3697868396663577 0.026686434395848776 0.025949953660797033
0 0.7853965900667161 0.40176088971269697 0.028910303928836176 0.03429101019462465
0 0.8936249073387694 0.7692307692307693 0.02446256486286138 0.04448563484708063
5 0.1597479614529281 0.48285449490268767 0.08969607116382505 0.11862835959221502
5 0.4899925871015567 0.1645041705282669 0.05930318754633061 0.06950880444856349
5 0.5389177168272795 0.14040778498609824 0.05189028910303929 0.06209453197405004
5 0.16123054114158636 0.8206672845227062 0.04225352112676056 0.05097312326227989
5 0.18532246108228317 0.8693234476367007 0.04744255003706449 0.04819277108433735
