0 0.282060785767235 0.13855421686746988 0.025945144551519646 0.04170528266913809
0 0.3106004447739066 0.0871177015755329 0.02223869532987398 0.03151065801668211
0 0.3428465530022239 0.082483781278962 0.022979985174203115 0.04633920296570899
0 0.3799110452186805 0.22103799814643188 0.02001482579688658 0.030583873957367932
0 0.46404744255003705 0.21223354958294718 0.0340993328391401 0.024096385542168676
0 0.4747961452928095 0.18535681186283595 0.022979985174203115 0.024096385542168676
0 0.6779095626389918 0.36886005560704355 0.07190511489992588 0.0685820203892493
0 0.7898443291326909 0.329935125115848 0.015567086730911787 0.022242817423540315
0 0.34099332839140106 0.28405931417979613 0.01630837657524092 0.04355885078776645
0 0.10415122312824314 0.20852641334569044 0.01704966641957005 0.022242817423540315
1 0.08154188287620459 0.705746061167748 0.1586360266864344 0.5848007414272475
1 0.3306152705707932 0.7599629286376274 0.3395107487027428 0.4726598702502317
4 0.4988880652335063 0.13948100092678406 0.9962935507783544 0.27710843373493976
4 0.6819866567828021 0.37488415199258573 0.6330615270570793 0.18443002780352177
4 0.793180133432172 0.7307692307692307 0.4017790956263899 0.5236329935125116
5 0.21793921423276502 0.4304911955514365 0.04002965159377316 0.037998146431881374
5 0.3224610822831727 0.2015755329008341 0.020756115641215715 0.05282669138090825
5 0.3395107487027428 0.3336422613531047 0.03558191252779837 0.025949953660797033
