5 0.2542624166048925 0.49675625579240035 0.05782060785767235 0.07414272474513438
5 0.455522609340252 0.27201112140871175 0.04225352112676056 0.03614457831325301
5 0.41215715344699777 0.29842446709916587 0.05485544848035582 0.061167747914735865
5 0.11304670126019274 0.6260426320667285 0.06745737583395107 0.08804448563484708
5 0.6141586360266864 0.5518999073215941 0.02742772424017791 0.025023169601482854
5 0.6104521868050408 0.6000926784059314 0.02742772424017791 0.03614457831325301
5 0.9221645663454411 0.18164967562557924 0.020756115641215715 0.03151065801668211
0 0.45218680504077097 0.7984244670991659 0.03558191252779837 0.05097312326227989
0 0.49295774647887325 0.8053753475440223 0.020756115641215715 0.027803521779425393
0 0.5596738324684952 0.7859128822984245 0.08005930318754632 0.05004633920296571
0 0.8524833209785025 0.896663577386469 0.04151223128243143 0.04170528266913809
0 0.5782060785767235 0.6093605189990732 0.020756115641215715 0.03429101019462465
0 0.48480355819125276 0.5055607043558851 0.037064492216456635 0.023169601482854494
0 0.4633061527057079 0.531047265987025 0.025203854707190512 0.022242817423540315
0 0.26575240919199405 0.5755329008341057 0.05856189770200148 0.09267840593141798
0 0.39140103780578206 0.42075996292863765 0.05485544848035582 0.07228915662650602
0 0.5214974054855448 0.25393883225208524 0.03187546330615271 0.061167747914735865
0 0.47553743513713864 0.24930491195551435 0.033358042994810974 0.025949953660797033
0 0.6834692364714603 0.16635773864689526 0.1927353595255745 0.030583873957367932
0 0.9054855448480356 0.17979610750695088 0.054114158636026685 0.04077849860982391
0 0.19199406968124536 0.07924003707136237 0.1156412157153447 0.08433734939759036
0 0.08932542624166048 0.6770157553290084 0.02742772424017791 0.03243744207599629
0 0.10155670867309118 0.6455050973123262 0.01927353595255745 0.026876737720111215
0 0.11934766493699037 0.6042632066728453 0.01927353595255745 0.016682113067655237
0 0.2609340252038547 0.024559777571825765 0.0385470719051149 0.04355885078776645
0 0.7583395107487028 0.4865616311399444 0.023721275018532245 0.033364226135310475
0 0.7568569310600445 0.5227062094531975 0.037064492216456635 0.033364226135310475
0 0.6397331356560415 0.7497683039851715 0.023721275018532245 0.029657089898053754
0 0.6653076352853966 0.7261353104726599 0.03039288361749444 0.04170528266913809
5 0.15159377316530764 0.9531974050046339 0.03187546330615271 0.03429101019462465
5 0.12750185322461083 0.9142724745134384 0.029651593773165306 0.03614457831325301
5 0.19977761304670125 0.7381835032437442 0.039288361749444035 0.05838739573679333
