2 0.87109375 0.4208984375 0.078125 0.205078125
2 0.7705078125 0.61328125 0.111328125 0.23828125
2 0.92578125 0.58984375 0.046875 0.0703125
2 0.73046875 0.8544921875 0.1328125 0.287109375
2 0.591796875 0.880859375 0.1328125 0.19921875
2 0.150390625 0.4150390625 0.0625 0.064453125
2 0.1787109375 0.4970703125 0.052734375 0.080078125
2 0.0615234375 0.25390625 0.099609375 0.125
2 0.162109375 0.65625 0.046875 0.1015625
2 0.1767578125 0.7431640625 0.041015625 0.068359375
2 0.052734375 0.796875 0.05078125 0.0703125
2 0.423828125 0.05078125 0.0703125 0.08203125
4 0.6552734375 0.4111328125 0.431640625 0.791015625
2 0.8447265625 0.1357421875 0.064453125 0.060546875
2 0.888671875 0.1845703125 0.05859375 0.052734375
1 0.8359375 0.9052734375 0.29296875 0.169921875
