5 0.8295847750865052 0.4463220675944334 0.21107266435986158 0.24254473161033796
5 0.7339965397923875 0.5437375745526839 0.10121107266435986 0.147117296222664
5 0.6924740484429066 0.5740556660039762 0.04757785467128028 0.06262425447316103
2 0.8416955017301038 0.44532803180914515 0.11591695501730104 0.12127236580516898
2 0.7530276816608996 0.5337972166998012 0.04930795847750865 0.05765407554671968
2 0.12413494809688581 0.5561630218687873 0.03373702422145329 0.08250497017892644
2 0.1245674740484429 0.8573558648111332 0.07785467128027682 0.048707753479125246
2 0.495242214532872 0.9259443339960238 0.09948096885813149 0.08846918489065607
2 0.40960207612456745 0.8434393638170974 0.092560553633218 0.06858846918489066
2 0.03676470588235294 0.7559642147117296 0.023356401384083045 0.030815109343936383
1 0.1708477508650519 0.10139165009940358 0.26211072664359863 0.17693836978131214
5 0.08996539792387544 0.22912524850894633 0.05536332179930796 0.05467196819085487
4 0.3416955017301038 0.6968190854870775 0.6332179930795848 0.5427435387673957
2 0.6807958477508651 0.7514910536779325 0.10726643598615918 0.25646123260437376
2 0.7586505190311419 0.08499005964214712 0.09688581314878893 0.10636182902584493
