6 0.4482421875 0.5830078125 0.103515625 0.267578125
6 0.3349609375 0.859375 0.259765625 0.27734375
2 0.0986328125 0.5244140625 0.115234375 0.150390625
2 0.134765625 0.361328125 0.0625 0.0703125
2 0.61328125 0.0361328125 0.09765625 0.072265625
2 0.080078125 0.251953125 0.046875 0.078125
2 0.212890625 0.08203125 0.1484375 0.1171875
2 0.5390625 0.517578125 0.07421875 0.09765625
2 0.439453125 0.5703125 0.0625 0.04296875
2 0.4169921875 0.4765625 0.037109375 0.046875
2 0.0693359375 0.890625 0.083984375 0.1015625
1 0.7783203125 0.912109375 0.279296875 0.16796875
4 0.552734375 0.5302734375 0.484375 0.443359375
2 0.3740234375 0.7744140625 0.083984375 0.048828125
5 0.5380859375 0.6416015625 0.044921875 0.048828125
5 0.626953125 0.65625 0.0390625 0.046875
5 0.9365234375 0.2275390625 0.041015625 0.048828125
