6 0.4923572003218021 0.494902687673772 0.9702333065164923 0.943466172381835
6 0.7325020112630732 0.8512511584800742 0.2164119066773934 0.2511584800741427
6 0.18865647626709572 0.7159406858202039 0.26468222043443285 0.4606116774791474
2 0.39621882542236525 0.7451343836886005 0.09734513274336283 0.13901760889712697
2 0.3419147224456959 0.8188137164040779 0.035398230088495575 0.06950880444856349
2 0.3801287208366854 0.6251158480074143 0.04907481898632341 0.056533827618164965
2 0.3089300080450523 0.5509731232622799 0.05631536604987932 0.082483781278962
4 0.47224456958970235 0.5704355885078777 0.15285599356395815 0.2344763670064875
5 0.7300884955752213 0.24930491195551435 0.08608205953338696 0.08526413345690455
5 0.46419951729686243 0.18952734012974976 0.09814963797264682 0.0917516218721038
