6 0.22123893805309736 0.7571825764596849 0.252614641995173 0.47080630213160335
6 0.6625100563153661 0.8716404077849861 0.11182622687047465 0.2344763670064875
6 0.49718423169750603 0.4986098239110287 0.9750603378921963 0.9564411492122336
6 0.8169750603378922 0.8605189990732159 0.18905872888173772 0.2159406858202039
6 0.16934835076427998 0.4114921223354958 0.2711182622687047 0.24837812789620017
0 0.4899436846339501 0.531047265987025 0.04666130329847144 0.04633920296570899
0 0.5205148833467418 0.504633920296571 0.027353177795655673 0.023169601482854494
0 0.5575221238938053 0.572289156626506 0.027353177795655673 0.03614457831325301
0 0.5756234915526951 0.5996292863762743 0.029766693483507644 0.042632066728452274
0 0.47063555913113436 0.6195551436515292 0.02574416733708769 0.04170528266913809
0 0.4742558326629123 0.6580166821130676 0.036202735317779566 0.03521779425393883
0 0.4364440868865648 0.6742354031510658 0.02172164119066774 0.021316033364226137
0 0.37087691069991957 0.5653382761816497 0.030571198712791632 0.05375347544022243
0 0.4231697506033789 0.5973123262279889 0.019308125502815767 0.030583873957367932
0 0.6500402252614642 0.43327154772937904 0.014481094127111826 0.03614457831325301
5 0.7091713596138375 0.4490268767377201 0.050683829444891394 0.0639481000926784
3 0.3893805309734513 0.6371640407784986 0.1512469831053902 0.1974050046339203
