0 0.49517296862429605 0.4578313253012048 0.02011263073209976 0.025949953660797033
0 0.5575221238938053 0.4763670064874884 0.08688656476267095 0.0871177015755329
0 0.5132743362831859 0.540778498609824 0.05953338696701529 0.07877664504170528
0 0.4786806114239743 0.6260426320667285 0.10458567980691874 0.09916589434661724
0 0.2079646017699115 0.6932344763670065 0.050683829444891394 0.07228915662650602
0 0.06637168141592921 0.8276181649675626 0.02654867256637168 0.04633920296570899
0 0.415526950925181 0.36422613531047265 0.09090909090909091 0.057460611677479144
0 0.34312148028962186 0.14411492122335495 0.050683829444891394 0.04911955514365153
6 0.67135961383749 0.8549582947173309 0.16170555108608206 0.28266913809082483
6 0.23491552695092519 0.7386468952734013 0.2590506838294449 0.4986098239110287
6 0.49798873692679 0.49675625579240035 0.9734513274336283 0.9675625579240037
1 0.8708769106999196 0.9189063948100092 0.07642799678197908 0.10658016682113068
1 0.6484312148028962 0.9620018535681186 0.11584875301689461 0.04819277108433735
1 0.1588897827835881 0.8790546802594995 0.10699919549477072 0.21779425393883226
