6 0.298828125 0.8046875 0.28125 0.3828125
1 0.8701171875 0.859375 0.255859375 0.265625
1 0.62890625 0.951171875 0.11328125 0.0859375
2 0.2080078125 0.1044921875 0.103515625 0.146484375
2 0.1064453125 0.1787109375 0.068359375 0.072265625
2 0.32421875 0.0205078125 0.09375 0.041015625
2 0.8935546875 0.1357421875 0.060546875 0.064453125
2 0.2392578125 0.376953125 0.462890625 0.22265625
2 0.5634765625 0.2353515625 0.185546875 0.150390625
2 0.7314453125 0.1083984375 0.162109375 0.154296875
4 0.5107421875 0.6396484375 0.564453125 0.291015625
4 0.6025390625 0.404296875 0.259765625 0.1875
1 0.037109375 0.71875 0.0703125 0.3046875
