1 0.5126019273535952 0.8577386468952733 0.9659006671608599 0.2808155699721965
5 0.9355077835433655 0.6010194624652456 0.12008895478131949 0.15848007414272475
5 0.9088213491475167 0.7622798887859129 0.06671608598962195 0.06580166821130677
5 0.427353595255745 0.8225208526413346 0.06597479614529281 0.07506950880444857
5 0.44848035581912526 0.8628359592215014 0.04002965159377316 0.042632066728452274
5 0.6363973313565604 0.8776645041705282 0.060044477390659746 0.051899907321594066
5 0.9077094143810229 0.18072289156626506 0.03039288361749444 0.033364226135310475
5 0.6767976278724982 0.7298424467099166 0.30689399555226093 0.2919369786839666
5 0.8676797627872498 0.9573679332715477 0.06597479614529281 0.07414272474513438
0 0.4810971089696071 0.29610750695088045 0.025203854707190512 0.03614457831325301
0 0.416234247590808 0.2822057460611678 0.02446256486286138 0.03985171455050973
0 0.5567086730911787 0.2608897126969416 0.028169014084507043 0.03429101019462465
0 0.5681986656782803 0.10889712696941613 0.025945144551519646 0.03614457831325301
0 0.43995552260934023 0.15060240963855423 0.02446256486286138 0.04170528266913809
0 0.251297257227576 0.028730305838739572 0.02223869532987398 0.027803521779425393
0 0.4892512972572276 0.2057460611677479 0.01927353595255745 0.03521779425393883
0 0.4043736100815419 0.16172381835032437 0.028910303928836176 0.028730305838739572
0 0.10229799851742032 0.28637627432808155 0.023721275018532245 0.03151065801668211
