2 0.5 0.4990234375 0.99609375 0.998046875
2 0.6318359375 0.0537109375 0.107421875 0.091796875
2 0.55859375 0.0546875 0.03515625 0.0625
2 0.75390625 0.134765625 0.0703125 0.08203125
2 0.1484375 0.5556640625 0.2421875 0.318359375
2 0.2197265625 0.1005859375 0.068359375 0.060546875
2 0.279296875 0.32421875 0.0703125 0.109375
2 0.4306640625 0.5478515625 0.052734375 0.041015625
2 0.8544921875 0.5380859375 0.033203125 0.044921875
2 0.0146484375 0.537109375 0.021484375 0.09375
0 0.041015625 0.1279296875 0.08203125 0.142578125
2 0.0224609375 0.2451171875 0.044921875 0.177734375
5 0.0546875 0.8525390625 0.0546875 0.060546875
5 0.115234375 0.8837890625 0.0234375 0.041015625
4 0.7607421875 0.4970703125 0.458984375 0.990234375
