0 0.8350630096367679 0.8619091751621872 0.10600444773906598 0.06487488415199258
0 0.7839140103780579 0.7307692307692307 0.08524833209785027 0.1010194624652456
0 0.7227575982209044 0.6904541241890639 0.020756115641215715 0.027803521779425393
0 0.7249814677538917 0.6607970342910102 0.020756115641215715 0.027803521779425393
0 0.7294292068198666 0.6413345690454124 0.017790956263899184 0.029657089898053754
0 0.7713120830244625 0.6190917516218721 0.05263157894736842 0.05375347544022243
0 0.7668643439584878 0.5736793327154773 0.03039288361749444 0.051899907321594066
0 0.8091178650852483 0.5699721964782206 0.048183839881393624 0.08897126969416126
0 0.8476649369903633 0.5245597775718258 0.0452186805040771 0.0871177015755329
0 0.48480355819125276 0.0639481000926784 0.020756115641215715 0.029657089898053754
0 0.507783543365456 0.0732159406858202 0.017790956263899184 0.020389249304911955
0 0.5133432171979244 0.10009267840593142 0.02001482579688658 0.025949953660797033
0 0.5581912527798369 0.05468025949953661 0.01927353595255745 0.024096385542168676
0 0.6197183098591549 0.10009267840593142 0.01630837657524092 0.025949953660797033
0 0.6219421793921424 0.12511584800741427 0.017790956263899184 0.024096385542168676
0 0.6523350630096367 0.1936978683966636 0.0340993328391401 0.04819277108433735
0 0.704225352112676 0.12650602409638553 0.01927353595255745 0.030583873957367932
5 0.4014084507042254 0.43697868396663575 0.04670126019273536 0.12511584800741427
5 0.48851000741289846 0.6102873030583874 0.050407709414381024 0.07692307692307693
5 0.5785767234988881 0.5013901760889713 0.02446256486286138 0.04077849860982391
5 0.5229799851742031 0.41797961075069506 0.022979985174203115 0.042632066728452274
5 0.541882876204596 0.37766450417052827 0.01927353595255745 0.026876737720111215
5 0.5285396590066717 0.32344763670064874 0.014825796886582653 0.022242817423540315
5 0.5967383246849518 0.30444856348470806 0.01630837657524092 0.03614457831325301
5 0.623054114158636 0.3480074142724745 0.02742772424017791 0.03429101019462465
5 0.5704225352112676 0.30074142724745134 0.02742772424017791 0.03243744207599629
5 0.5429948109710897 0.608433734939759 0.0363232023721275 0.03614457831325301
5 0.2535211267605634 0.23308619091751623 0.023721275018532245 0.026876737720111215
5 0.4329132690882135 0.6190917516218721 0.025203854707190512 0.05004633920296571
5 0.4017790956263899 0.5662650602409639 0.023721275018532245 0.024096385542168676
5 0.4507042253521127 0.2469879518072289 0.025203854707190512 0.03429101019462465
5 0.6667902149740549 0.2284522706209453 0.02001482579688658 0.03614457831325301
5 0.7075611564121571 0.12882298424467098 0.02001482579688658 0.03521779425393883
0 0.8702742772424018 0.9337349397590361 0.023721275018532245 0.03243744207599629
0 0.9106745737583395 0.8336422613531047 0.021497405485544848 0.03429101019462465
4 0.43550778354336545 0.2715477293790547 0.8591549295774648 0.5338276181649676
3 0.21534469977761306 0.41936978683966636 0.41882876204596 0.8257645968489342
