2 0.40234375 0.5029296875 0.0703125 0.056640625
2 0.6005859375 0.3017578125 0.044921875 0.033203125
2 0.4365234375 0.5888671875 0.083984375 0.095703125
2 0.3701171875 0.6416015625 0.052734375 0.037109375
2 0.6279296875 0.638671875 0.056640625 0.04296875
2 0.4111328125 0.3974609375 0.041015625 0.037109375
2 0.65625 0.80859375 0.04296875 0.0390625
2 0.0830078125 0.33203125 0.162109375 0.046875
2 0.2607421875 0.279296875 0.064453125 0.03515625
2 0.5751953125 0.8818359375 0.037109375 0.041015625
2 0.015625 0.41015625 0.03125 0.11328125
2 0.01171875 0.7041015625 0.0234375 0.041015625
2 0.013671875 0.611328125 0.0234375 0.13671875
0 0.0751953125 0.2080078125 0.033203125 0.041015625
0 0.0185546875 0.23046875 0.033203125 0.046875
0 0.037109375 0.1513671875 0.06640625 0.068359375
1 0.1064453125 0.1533203125 0.212890625 0.306640625
5 0.453125 0.2041015625 0.03515625 0.044921875
4 0.76171875 0.5 0.46875 0.99609375
3 0.4990234375 0.4970703125 0.994140625 0.994140625
