4 0.6890289103039289 0.4939759036144578 0.614529280948851 0.9786839666357738
5 0.5637509266123054 0.24606116774791473 0.07635285396590066 0.10843373493975904
5 0.48628613787991104 0.10379981464318813 0.0770941438102298 0.13160333642261354
0 0.8621200889547813 0.28637627432808155 0.03261675315048184 0.03707136237256719
5 0.6716085989621943 0.422613531047266 0.03261675315048184 0.05375347544022243
1 0.11378799110452187 0.252548656163114 0.2157153446997776 0.4995366079703429
1 0.0452186805040771 0.43002780352177944 0.06523350630096368 0.1519925857275255
1 0.08858413639733136 0.49212233549582945 0.06745737583395107 0.14087117701575533
1 0.04410674573758339 0.618628359592215 0.07338769458858414 0.20852641334569044
1 0.10748702742772424 0.9133456904541242 0.06226834692364715 0.056533827618164965
1 0.1586360266864344 0.8846153846153846 0.06968124536693847 0.20111214087117701
1 0.0904373610081542 0.29564411492122333 0.029651593773165306 0.051899907321594066
1 0.43402520385470716 0.9564411492122336 0.26464047442550037 0.07599629286376275
1 0.24017790956263899 0.8683966635773864 0.04892512972572276 0.0685820203892493
