3 0.4966101694915254 0.49498327759197325 0.9457627118644067 0.9632107023411371
2 0.34576271186440677 0.1956521739130435 0.06779661016949153 0.07692307692307693
2 0.2457627118644068 0.391304347826087 0.0847457627118644 0.06688963210702341
2 0.4491525423728814 0.07357859531772576 0.07796610169491526 0.06020066889632107
2 0.5610169491525424 0.046822742474916385 0.07796610169491526 0.06020066889632107
2 0.6423728813559322 0.2959866220735786 0.0576271186440678 0.07692307692307693
2 0.6457627118644068 0.3729096989966555 0.0711864406779661 0.07023411371237458
2 0.7169491525423729 0.4498327759197324 0.0711864406779661 0.10367892976588629
2 0.5372881355932203 0.6488294314381271 0.0847457627118644 0.07357859531772576
2 0.6966101694915254 0.8678929765886287 0.0576271186440678 0.07023411371237458
