0 0.37212750185322463 0.0639481000926784 0.08450704225352113 0.0871177015755329
0 0.5011119347664937 0.28544949026876737 0.04447739065974796 0.05004633920296571
0 0.589696071163825 0.2303058387395737 0.19644180874722017 0.12140871177015755
5 0.6000741289844329 0.2557924003707136 0.039288361749444035 0.05004633920296571
0 0.8358042994810971 0.12001853568118628 0.028910303928836176 0.037998146431881374
0 0.8939955522609341 0.15477293790546803 0.04892512972572276 0.061167747914735865
5 0.7950333580429948 0.2340129749768304 0.021497405485544848 0.03614457831325301
5 0.91882876204596 0.772937905468026 0.022979985174203115 0.042632066728452274
5 0.3539659006671609 0.9105653382761817 0.025945144551519646 0.037998146431881374
5 0.382876204595997 0.9388322520852641 0.02001482579688658 0.033364226135310475
5 0.0670867309117865 0.26413345690454126 0.06745737583395107 0.08897126969416126
0 0.07412898443291327 0.10240963855421686 0.03261675315048184 0.047265987025023166
0 0.2587101556708673 0.08109360518999073 0.0340993328391401 0.03429101019462465
0 0.1541882876204596 0.1603336422613531 0.037064492216456635 0.04077849860982391
0 0.17049666419570053 0.2099165894346617 0.017790956263899184 0.037998146431881374
0 0.2872498146775389 0.6130676552363299 0.06745737583395107 0.1102873030583874
0 0.4177168272794663 0.4620018535681186 0.048183839881393624 0.07136237256719184
0 0.5300222386953298 0.4161260426320667 0.06078576723498888 0.07970342910101946
0 0.5856189770200149 0.4582947173308619 0.028169014084507043 0.030583873957367932
0 0.5852483320978502 0.4939759036144578 0.01704966641957005 0.024096385542168676
0 0.6275018532246108 0.7557924003707136 0.03187546330615271 0.056533827618164965
0 0.748702742772424 0.6941612604263206 0.03558191252779837 0.05004633920296571
0 0.8002223869532987 0.6450417052826691 0.022979985174203115 0.042632066728452274
0 0.7001482579688658 0.5477293790546802 0.05114899925871016 0.03892493049119555
0 0.7457375833951075 0.5180722891566265 0.028169014084507043 0.03707136237256719
0 0.690511489992587 0.6556997219647822 0.060044477390659746 0.08619091751621873
0 0.7568569310600445 0.8651529193697869 0.037064492216456635 0.08804448563484708
0 0.8224610822831727 0.9513438368860055 0.025945144551519646 0.03243744207599629
0 0.6971830985915493 0.9147358665430955 0.03039288361749444 0.10194624652455977
0 0.8250555967383247 0.45644114921223355 0.037064492216456635 0.060240963855421686
1 0.12601927353595255 0.8475440222428174 0.19866567828020756 0.2919369786839666
4 0.6875463306152706 0.484708063021316 0.08228317272053373 0.0778498609823911
