4 0.33580429948109713 0.6631139944392956 0.12008895478131949 0.17516218721038
0 0.6719792438843588 0.22659870250231695 0.033358042994810974 0.03429101019462465
0 0.7275759822090437 0.242354031510658 0.03187546330615271 0.04541241890639481
0 0.7001482579688658 0.38229842446709916 0.04966641957005189 0.060240963855421686
0 0.6716085989621943 0.6362372567191844 0.03261675315048184 0.06950880444856349
0 0.6749444032616753 0.8229842446709916 0.022979985174203115 0.061167747914735865
0 0.829873980726464 0.7933271547729379 0.025945144551519646 0.033364226135310475
0 0.1994069681245367 0.10379981464318813 0.09191994069681246 0.07228915662650602
0 0.2716827279466271 0.18072289156626506 0.05856189770200148 0.08341056533827618
0 0.19755374351371385 0.3215940685820204 0.03039288361749444 0.042632066728452274
0 0.16382505559673832 0.25023169601482853 0.017790956263899184 0.04819277108433735
0 0.21645663454410674 0.23493975903614459 0.02223869532987398 0.030583873957367932
0 0.19088213491475167 0.3758109360518999 0.17123795404002964 0.1380908248378128
0 0.06300963676797627 0.46709916589434664 0.05930318754633061 0.042632066728452274
0 0.15492957746478872 0.5157553290083411 0.042994810971089696 0.04541241890639481
0 0.198295033358043 0.4652455977757183 0.05707931801334322 0.03892493049119555
5 0.23758339510748702 0.4351251158480074 0.0363232023721275 0.04541241890639481
5 0.3687916975537435 0.3707136237256719 0.022979985174203115 0.04077849860982391
5 0.4084507042253521 0.35959221501390176 0.06375092661230541 0.04448563484708063
5 0.3424759080800593 0.4865616311399444 0.10971089696071164 0.0871177015755329
5 0.4458858413639733 0.42446709916589437 0.06300963676797627 0.03707136237256719
0 0.2653817642698295 0.4953660797034291 0.037064492216456635 0.082483781278962
0 0.22646404744255003 0.5430954587581094 0.03780578206078577 0.029657089898053754
0 0.22275759822090438 0.5866543095458758 0.02446256486286138 0.025949953660797033
0 0.2157153446997776 0.6533827618164968 0.02223869532987398 0.03892493049119555
0 0.26130467012601927 0.7293790546802595 0.028910303928836176 0.08341056533827618
0 0.28910303928836173 0.8053753475440223 0.026686434395848776 0.09453197405004633
0 0.32876204595997033 0.7803521779425394 0.0363232023721275 0.020389249304911955
0 0.32950333580429947 0.9235403151065802 0.03187546330615271 0.05097312326227989
0 0.4336545589325426 0.6139944392956441 0.023721275018532245 0.04355885078776645
0 0.23498888065233506 0.8392029657089898 0.025203854707190512 0.03614457831325301
