0 0.3765752409191994 0.29147358665430956 0.07116382505559674 0.09731232622798888
0 0.4744255003706449 0.3002780352177943 0.06968124536693847 0.042632066728452274
0 0.5263157894736842 0.34986098239110286 0.031134173461823574 0.028730305838739572
0 0.6919940696812453 0.2928637627432808 0.028910303928836176 0.042632066728452274
0 0.698295033358043 0.3382761816496756 0.029651593773165306 0.020389249304911955
0 0.7546330615270571 0.3443002780352178 0.03261675315048184 0.060240963855421686
0 0.9825796886582654 0.5291936978683967 0.03187546330615271 0.06672845227062095
0 0.9848035581912528 0.6037998146431881 0.02742772424017791 0.03429101019462465
0 0.6660489251297257 0.5055607043558851 0.05856189770200148 0.04911955514365153
0 0.6660489251297257 0.592678405931418 0.06449221645663454 0.05282669138090825
0 0.5763528539659006 0.556997219647822 0.021497405485544848 0.042632066728452274
0 0.519644180874722 0.5917516218721038 0.037064492216456635 0.05097312326227989
0 0.5819125277983692 0.6260426320667285 0.04151223128243143 0.037998146431881374
0 0.45107487027427723 0.42075996292863765 0.028910303928836176 0.05560704355885079
0 0.3613787991104522 0.4068582020389249 0.02446256486286138 0.04448563484708063
0 0.41475166790214973 0.711306765523633 0.03039288361749444 0.03614457831325301
0 0.5163083765752409 0.7340129749768304 0.04670126019273536 0.04448563484708063
0 0.4647887323943662 0.819740500463392 0.037064492216456635 0.037998146431881374
0 0.40882134914751667 0.9087117701575533 0.15492957746478872 0.07506950880444857
0 0.3272794662713121 0.7177942539388322 0.02742772424017791 0.04355885078776645
0 0.3502594514455152 0.7803521779425394 0.021497405485544848 0.03707136237256719
0 0.07412898443291327 0.6431881371640408 0.020756115641215715 0.027803521779425393
0 0.4981467753891772 0.011584800741427247 0.029651593773165306 0.021316033364226137
