4 0.38028169014084506 0.13531047265987026 0.6078576723498889 0.26876737720111216
1 0.27575982209043737 0.31047265987025024 0.1497405485544848 0.1835032437442076
1 0.19088213491475167 0.8396663577386468 0.3654558932542624 0.3169601482854495
0 0.5670867309117865 0.18628359592215013 0.12601927353595255 0.051899907321594066
0 0.550407709414381 0.42168674698795183 0.04966641957005189 0.03521779425393883
0 0.5707931801334322 0.5064874884151993 0.07116382505559674 0.07877664504170528
0 0.40363232023721274 0.5936051899907322 0.09859154929577464 0.06209453197405004
0 0.29132690882134915 0.5611677479147359 0.03558191252779837 0.05097312326227989
0 0.27835433654558933 0.6779425393883225 0.048183839881393624 0.030583873957367932
0 0.2727946627131208 0.7557924003707136 0.031134173461823574 0.07692307692307693
0 0.3283914010378058 0.7247451343836886 0.025203854707190512 0.03892493049119555
0 0.3398813936249073 0.6974050046339203 0.022979985174203115 0.025023169601482854
0 0.37509266123054114 0.7043558850787767 0.029651593773165306 0.025949953660797033
0 0.5644922164566345 0.6964782205746061 0.083765752409192 0.047265987025023166
0 0.5037064492216456 0.7256719184430028 0.033358042994810974 0.027803521779425393
0 0.5270570793180134 0.7506950880444856 0.025203854707190512 0.025949953660797033
0 0.47850259451445515 0.7622798887859129 0.07783543365455893 0.0732159406858202
0 0.5259451445515196 0.8734939759036144 0.06300963676797627 0.056533827618164965
0 0.8710155670867309 0.5027803521779426 0.04151223128243143 0.05838739573679333
0 0.860637509266123 0.3086190917516219 0.04002965159377316 0.09453197405004633
0 0.9584877687175686 0.44439295644114923 0.04151223128243143 0.03429101019462465
0 0.7935507783543365 0.12696941612604262 0.15789473684210525 0.15940685820203893
0 0.4084507042253521 0.2428174235403151 0.04744255003706449 0.061167747914735865
0 0.4229058561897702 0.18860055607043558 0.0363232023721275 0.03985171455050973
0 0.44551519644180876 0.2432808155699722 0.037064492216456635 0.028730305838739572
0 0.3306152705707932 0.21825764596848934 0.08895478131949593 0.056533827618164965
0 0.25055596738324687 0.1417979610750695 0.01927353595255745 0.03707136237256719
0 0.1111934766493699 0.40268767377201115 0.10229799851742032 0.08063021316033364
0 0.027798369162342476 0.42771084337349397 0.039288361749444035 0.05468025949953661
0 0.25648628613787994 0.041241890639481 0.028169014084507043 0.03614457831325301
0 0.3480355819125278 0.030120481927710843 0.025945144551519646 0.030583873957367932
0 0.4318013343217198 0.038461538461538464 0.054114158636026685 0.03243744207599629
0 0.66234247590808 0.14411492122335495 0.04373610081541883 0.03614457831325301
0 0.3428465530022239 0.43697868396663575 0.025945144551519646 0.025023169601482854
0 0.40029651593773163 0.44810009267840595 0.026686434395848776 0.037998146431881374
0 0.18606375092661231 0.5342910101946247 0.07116382505559674 0.1010194624652456
0 0.11601186063750926 0.5829471733086191 0.02446256486286138 0.042632066728452274
0 0.4558932542624166 0.623725671918443 0.05782060785767235 0.042632066728452274
0 0.49481097108969607 0.9304911955514366 0.03187546330615271 0.025949953660797033
0 0.6449221645663454 0.39759036144578314 0.029651593773165306 0.04633920296570899
0 0.6475166790214975 0.47312326227988877 0.03780578206078577 0.03614457831325301
0 0.7809488510007413 0.43605189990732157 0.0452186805040771 0.026876737720111215
