0 0.5289103039288362 0.24884151992585726 0.07783543365455893 0.06209453197405004
0 0.3476649369903632 0.2752548656163114 0.02223869532987398 0.03707136237256719
0 0.3951074870274277 0.28405931417979613 0.026686434395848776 0.05468025949953661
0 0.060044477390659746 0.2242817423540315 0.06078576723498888 0.042632066728452274
0 0.7731653076352853 0.4902687673772011 0.20311341734618235 0.1278962001853568
0 0.8925129725722758 0.33271547729379053 0.18383988139362492 0.2205746061167748
5 0.6037805782060786 0.3526413345690454 0.04225352112676056 0.07136237256719184
5 0.3283914010378058 0.3563484708063021 0.025203854707190512 0.0639481000926784
5 0.36397331356560414 0.43744207599629287 0.05337286879169755 0.06302131603336422
5 0.49184581171237957 0.3410565338276182 0.05707931801334322 0.08341056533827618
5 0.3428465530022239 0.7154772937905468 0.08821349147516679 0.06672845227062095
5 0.6571534469977761 0.7080630213160334 0.039288361749444035 0.10009267840593142
0 0.8691623424759081 0.8586654309545876 0.06893995552260934 0.11584800741427248
5 0.4814677538917717 0.7859128822984245 0.03780578206078577 0.051899907321594066
5 0.37509266123054114 0.943002780352178 0.08302446256486286 0.10287303058387395
5 0.7368421052631579 0.2344763670064875 0.10971089696071164 0.07414272474513438
4 0.5385470719051149 0.06487488415199258 0.5404002965159377 0.11121408711770157
