5 0.31319495922905854 0.12001853568118628 0.060044477390659746 0.08433734939759036
5 0.14566345441067458 0.26042632066728455 0.08080059303187546 0.11492122335495829
5 0.11008154188287621 0.6135310472659871 0.083765752409192 0.14272474513438368
4 0.6178650852483321 0.2428174235403151 0.11638250555967383 0.11677479147358666
0 0.49925871015567086 0.1742354031510658 0.025945144551519646 0.027803521779425393
0 0.4933283914010378 0.21084337349397592 0.028910303928836176 0.03614457831325301
0 0.4106745737583395 0.15755329008341057 0.025203854707190512 0.042632066728452274
0 0.4303187546330615 0.123725671918443 0.03187546330615271 0.04355885078776645
0 0.4573758339510749 0.08804448563484708 0.03261675315048184 0.042632066728452274
0 0.8332097850259451 0.017608897126969416 0.050407709414381024 0.025949953660797033
0 0.700889547813195 0.18535681186283595 0.02742772424017791 0.03892493049119555
0 0.7694588584136397 0.20852641334569044 0.025203854707190512 0.03707136237256719
0 0.7768717568569311 0.24884151992585726 0.031134173461823574 0.03243744207599629
0 0.6545589325426242 0.31000926784059313 0.09340252038547071 0.08063021316033364
0 0.5570793180133432 0.42863762743280814 0.02446256486286138 0.10472659870250231
0 0.5956263899184581 0.4267840593141798 0.033358042994810974 0.08804448563484708
0 0.6515937731653076 0.4309545875810936 0.09340252038547071 0.164967562557924
0 0.7479614529280949 0.4365152919369787 0.05337286879169755 0.024096385542168676
0 0.7687175685693106 0.3721037998146432 0.042994810971089696 0.09731232622798888
0 0.7968865826538176 0.46014828544949027 0.02223869532987398 0.030583873957367932
0 0.793180133432172 0.5342910101946247 0.0340993328391401 0.03243744207599629
0 0.8939955522609341 0.6399443929564411 0.05782060785767235 0.06765523632993513
0 0.7075611564121571 0.7136237256719185 0.1178650852483321 0.11677479147358666
0 0.640103780578206 0.7706209453197405 0.03187546330615271 0.03614457831325301
0 0.536693847294292 0.7840593141797961 0.04151223128243143 0.04448563484708063
0 0.5018532246108228 0.73725671918443 0.031134173461823574 0.037998146431881374
0 0.41808747220163084 0.5495829471733086 0.026686434395848776 0.04448563484708063
0 0.4859154929577465 0.5129749768303985 0.0363232023721275 0.03429101019462465
0 0.5174203113417346 0.5375347544022243 0.029651593773165306 0.04819277108433735
0 0.5448480355819125 0.5250231696014829 0.026686434395848776 0.05097312326227989
0 0.5363232023721275 0.5630213160333642 0.02742772424017791 0.037998146431881374
0 0.39696071163825053 0.3290083410565338 0.021497405485544848 0.042632066728452274
0 0.22349888806523352 0.371177015755329 0.039288361749444035 0.047265987025023166
0 0.46886582653817643 0.7710843373493976 0.02001482579688658 0.025949953660797033
0 0.7201630837657524 0.7924003707136237 0.033358042994810974 0.057460611677479144
1 0.10378057820607858 0.7775718257645968 0.1808747220163084 0.422613531047266
0 0.9744255003706449 0.7215013901760889 0.03187546330615271 0.05282669138090825
