0 0.6338028169014085 0.45505097312326226 0.08747220163083766 0.14457831325301204
0 0.6779095626389918 0.4555143651529194 0.02742772424017791 0.03614457831325301
0 0.7702001482579689 0.45505097312326226 0.06375092661230541 0.08897126969416126
0 0.8054114158636027 0.37859128822984245 0.02742772424017791 0.05282669138090825
0 0.843587842846553 0.1278962001853568 0.029651593773165306 0.061167747914735865
0 0.9373610081541883 0.24096385542168675 0.11934766493699037 0.09267840593141798
0 0.980355819125278 0.24467099165894346 0.021497405485544848 0.04448563484708063
0 0.933283914010378 0.4258572752548656 0.037064492216456635 0.026876737720111215
0 0.9091919940696812 0.4772937905468026 0.02742772424017791 0.033364226135310475
0 0.8517420311341735 0.5097312326227988 0.02223869532987398 0.027803521779425393
0 0.8272794662713121 0.535681186283596 0.0385470719051149 0.04077849860982391
0 0.7865085248332098 0.5829471733086191 0.0340993328391401 0.04633920296570899
0 0.759822090437361 0.6116774791473587 0.03261675315048184 0.05004633920296571
0 0.8954781319495922 0.6853568118628359 0.013343217197924388 0.0639481000926784
0 0.684581171237954 0.7831325301204819 0.03039288361749444 0.042632066728452274
0 0.5618977020014826 0.6737720111214087 0.017790956263899184 0.022242817423540315
0 0.6026686434395849 0.7377201112140871 0.01927353595255745 0.020389249304911955
0 0.505930318754633 0.6163113994439295 0.022979985174203115 0.024096385542168676
0 0.5 0.7117701575532901 0.025945144551519646 0.04448563484708063
0 0.4143810229799852 0.7066728452270621 0.1067457375833951 0.07136237256719184
0 0.3291326908821349 0.732159406858202 0.05337286879169755 0.08526413345690455
0 0.10118606375092662 0.6014828544949027 0.04966641957005189 0.08341056533827618
0 0.09340252038547071 0.6904541241890639 0.037064492216456635 0.07970342910101946
0 0.125648628613788 0.7071362372567191 0.02446256486286138 0.04448563484708063
0 0.10081541882876205 0.763206672845227 0.0385470719051149 0.04170528266913809
0 0.11193476649369903 0.8568118628359592 0.10081541882876205 0.10472659870250231
0 0.1905114899925871 0.9531974050046339 0.16011860637509265 0.08619091751621873
0 0.19532987398072646 0.876274328081557 0.040770941438102296 0.04170528266913809
0 0.19347664936990364 0.8146431881371641 0.028169014084507043 0.051899907321594066
0 0.18124536693847293 0.7164040778498609 0.025945144551519646 0.05004633920296571
0 0.18569310600444774 0.7641334569045413 0.03039288361749444 0.03243744207599629
0 0.1730911786508525 0.1561631139944393 0.08080059303187546 0.1417979610750695
0 0.26389918458117123 0.05004633920296571 0.13194959229058562 0.08341056533827618
0 0.13936249073387694 0.27201112140871175 0.03261675315048184 0.10658016682113068
0 0.20237212750185324 0.30954587581093607 0.025203854707190512 0.07228915662650602
0 0.2016308376575241 0.3674698795180723 0.020756115641215715 0.030583873957367932
0 0.24203113417346184 0.4114921223354958 0.033358042994810974 0.1278962001853568
0 0.20237212750185324 0.4749768303985171 0.026686434395848776 0.03243744207599629
0 0.2134914751667902 0.5 0.02223869532987398 0.03243744207599629
0 0.14047442550037065 0.5245597775718258 0.02446256486286138 0.03892493049119555
0 0.16048925129725722 0.5213160333642262 0.02001482579688658 0.056533827618164965
0 0.08524833209785027 0.4425393883225209 0.020756115641215715 0.03243744207599629
0 0.29614529280948854 0.3873957367933272 0.03187546330615271 0.08341056533827618
0 0.3654558932542624 0.27664504170528265 0.02223869532987398 0.03429101019462465
0 0.3139362490733877 0.31000926784059313 0.02001482579688658 0.05282669138090825
0 0.2935507783543366 0.1978683966635774 0.04002965159377316 0.07877664504170528
5 0.5593031875463306 0.03892493049119555 0.07783543365455893 0.07228915662650602
5 0.4970348406226835 0.04170528266913809 0.06300963676797627 0.07043558850787766
5 0.5693106004447739 0.08202038924930491 0.05189028910303929 0.037998146431881374
0 0.47071905114899926 0.41566265060240964 0.08747220163083766 0.13994439295644115
0 0.39140103780578206 0.4036144578313253 0.03261675315048184 0.06765523632993513
0 0.6104521868050408 0.24791473586654308 0.03039288361749444 0.047265987025023166
0 0.6812453669384729 0.3169601482854495 0.0340993328391401 0.022242817423540315
0 0.5737583395107487 0.35912882298424464 0.01927353595255745 0.037998146431881374
0 0.4681245366938473 0.12974976830398516 0.040770941438102296 0.051899907321594066
