0 0.19125277983691624 0.04494902687673772 0.05930318754633061 0.05838739573679333
0 0.29762787249814676 0.19555143651529194 0.09859154929577464 0.09082483781278962
0 0.20274277242401778 0.3118628359592215 0.02446256486286138 0.028730305838739572
0 0.13083765752409193 0.3192771084337349 0.048183839881393624 0.05282669138090825
0 0.05189028910303929 0.4314179796107507 0.04892512972572276 0.10658016682113068
0 0.2916975537435137 0.5838739573679332 0.10452186805040771 0.0871177015755329
0 0.2687175685693106 0.7437442075996293 0.07042253521126761 0.04170528266913809
0 0.31764269829503333 0.3382761816496756 0.0363232023721275 0.03707136237256719
0 0.3888065233506301 0.4309545875810936 0.07783543365455893 0.05004633920296571
0 0.4570051890289103 0.33781278962001854 0.022979985174203115 0.03243744207599629
0 0.4251297257227576 0.25440222428174236 0.018532246108228317 0.03429101019462465
0 0.5151964418087472 0.37720111214087115 0.06671608598962195 0.05375347544022243
4 0.3995552260934025 0.3716404077849861 0.08154188287620459 0.07043558850787766
3 0.8224610822831727 0.5574606116774792 0.29577464788732394 0.7701575532900834
3 0.38028169014084506 0.5208526413345691 0.41512231282431433 0.5597775718257646
5 0.05485544848035582 0.644114921223355 0.0340993328391401 0.08897126969416126
5 0.6434395848776872 0.5403151065801668 0.029651593773165306 0.04448563484708063
