1 0.1111934766493699 0.5472659870250232 0.2016308376575241 0.8906394810009268
1 0.2727946627131208 0.9541241890639481 0.10229799851742032 0.08063021316033364
4 0.8243143068939955 0.6556997219647822 0.3291326908821349 0.6607970342910102
5 0.44217939214232765 0.3985171455050973 0.06300963676797627 0.19091751621872105
0 0.5867309117865085 0.6793327154772938 0.03187546330615271 0.04819277108433735
0 0.27538917716827277 0.7136237256719185 0.0452186805040771 0.05560704355885079
0 0.3654558932542624 0.7219647822057461 0.04151223128243143 0.027803521779425393
0 0.33728687916975536 0.7724745134383688 0.026686434395848776 0.028730305838739572
5 0.29911045218680504 0.7840593141797961 0.025945144551519646 0.024096385542168676
5 0.2687175685693106 0.2822057460611678 0.09710896960711639 0.2882298424467099
5 0.229058561897702 0.5032437442075997 0.06671608598962195 0.22242817423540315
5 0.7587101556708673 0.056070435588507876 0.06300963676797627 0.06765523632993513
5 0.7138621200889548 0.15801668211306766 0.05337286879169755 0.07692307692307693
0 0.8702742772424018 0.05838739573679333 0.023721275018532245 0.09453197405004633
0 0.8206078576723499 0.07924003707136237 0.037064492216456635 0.04355885078776645
5 0.8624907338769459 0.23772011121408712 0.040770941438102296 0.2567191844300278
0 0.6167531504818384 0.07599629286376275 0.037064492216456635 0.04633920296570899
5 0.6679021497405485 0.16635773864689526 0.01630837657524092 0.028730305838739572
5 0.7071905114899926 0.07228915662650602 0.026686434395848776 0.05375347544022243
5 0.7023721275018532 0.2386468952734013 0.014084507042253521 0.028730305838739572
5 0.7542624166048925 0.24374420759962928 0.02446256486286138 0.022242817423540315
5 0.7386953298739807 0.4916589434661724 0.028910303928836176 0.05282669138090825
5 0.7961452928094885 0.5296570898980537 0.023721275018532245 0.03614457831325301
0 0.4395848776871757 0.24003707136237257 0.03261675315048184 0.029657089898053754
5 0.5585618977020015 0.10750695088044486 0.02446256486286138 0.03707136237256719
0 0.3424759080800593 0.025486561631139944 0.037064492216456635 0.030583873957367932
0 0.3702742772424018 0.09916589434661724 0.048183839881393624 0.09267840593141798
5 0.15233506300963676 0.061167747914735865 0.07042253521126761 0.10936051899907322
0 0.17642698295033357 0.11353104726598702 0.08747220163083766 0.060240963855421686
0 0.14232765011119347 0.22567191844300277 0.03558191252779837 0.037998146431881374
0 0.18865826538176428 0.24003707136237257 0.04670126019273536 0.03521779425393883
0 0.2016308376575241 0.2117701575532901 0.042994810971089696 0.030583873957367932
0 0.17272053372868792 0.2794253938832252 0.04002965159377316 0.03243744207599629
5 0.2049666419570052 0.28637627432808155 0.014084507042253521 0.033364226135310475
0 0.37361008154188285 0.2905468025949954 0.026686434395848776 0.037998146431881374
0 0.5522609340252038 0.3470806302131603 0.031134173461823574 0.05097312326227989
5 0.46886582653817643 0.530583873957368 0.09414381022979985 0.12696941612604262
4 0.3680504077094144 0.6811862835959221 0.2542624166048925 0.22984244670991658
4 0.5507783543365455 0.060240963855421686 0.1467753891771683 0.10379981464318813
4 0.8858413639733136 0.18535681186283595 0.20014825796886582 0.3410565338276182
