0 0.42438843587842845 0.23725671918443003 0.07190511489992588 0.19462465245597776
0 0.4696071163825056 0.4856348470806302 0.13862120088954782 0.25023169601482853
0 0.5533728687916976 0.6482854494902688 0.02001482579688658 0.04541241890639481
0 0.5867309117865085 0.6163113994439295 0.021497405485544848 0.03892493049119555
0 0.6115641215715345 0.773401297497683 0.06375092661230541 0.18443002780352177
0 0.69236471460341 0.9050046339202966 0.028169014084507043 0.030583873957367932
0 0.6660489251297257 0.9680259499536608 0.02742772424017791 0.04355885078776645
0 0.611934766493699 0.9698795180722891 0.022979985174203115 0.030583873957367932
0 0.39918458117123795 0.8169601482854495 0.028910303928836176 0.04541241890639481
5 0.7772424017790956 0.082483781278962 0.02742772424017791 0.03707136237256719
5 0.8198665678280208 0.1746987951807229 0.0340993328391401 0.056533827618164965
5 0.8417346182357301 0.09777571825764597 0.02446256486286138 0.030583873957367932
5 0.8580429948109711 0.07877664504170528 0.02742772424017791 0.03521779425393883
5 0.8973313565604151 0.08850787766450417 0.025945144551519646 0.03243744207599629
5 0.924759080800593 0.12557924003707135 0.03039288361749444 0.04541241890639481
5 0.9399555226093402 0.16311399443929564 0.020756115641215715 0.03892493049119555
5 0.852112676056338 0.17191844300278036 0.034840622683469234 0.047265987025023166
5 0.7790956263899185 0.20481927710843373 0.01927353595255745 0.03521779425393883
5 0.7357301704966642 0.10240963855421686 0.021497405485544848 0.03985171455050973
0 0.26241660489251295 0.022706209453197405 0.031134173461823574 0.03429101019462465
0 0.3194959229058562 0.04077849860982391 0.04002965159377316 0.04633920296570899
0 0.47405485544848036 0.027803521779425393 0.040770941438102296 0.04448563484708063
5 0.6493699036323203 0.30954587581093607 0.020756115641215715 0.05004633920296571
5 0.6686434395848777 0.2645968489341983 0.023721275018532245 0.03243744207599629
5 0.757227575982209 0.3290083410565338 0.02446256486286138 0.03707136237256719
5 0.8398813936249073 0.3169601482854495 0.031134173461823574 0.03892493049119555
3 0.4681245366938473 0.45597775718257644 0.5226093402520385 0.7025023169601483
