0 0.3702742772424018 0.4962928637627433 0.03187546330615271 0.03429101019462465
0 0.43254262416604894 0.48748841519925856 0.033358042994810974 0.03707136237256719
0 0.4859154929577465 0.5120481927710844 0.02742772424017791 0.03243744207599629
0 0.4892512972572276 0.5579240037071362 0.0340993328391401 0.04448563484708063
0 0.4154929577464789 0.6705282669138091 0.08080059303187546 0.12326227988878591
0 0.3202372127501853 0.6399443929564411 0.04151223128243143 0.04170528266913809
0 0.2557449962935508 0.618628359592215 0.025203854707190512 0.04355885078776645
0 0.6389918458117124 0.39759036144578314 0.037064492216456635 0.042632066728452274
0 0.6771682727946627 0.49814643188137164 0.039288361749444035 0.05838739573679333
0 0.7083024462564863 0.4522706209453197 0.028910303928836176 0.03892493049119555
0 0.9651593773165308 0.39759036144578314 0.05485544848035582 0.042632066728452274
0 0.8784284655300222 0.34522706209453197 0.028169014084507043 0.03429101019462465
0 0.8176426982950333 0.13438368860055608 0.0385470719051149 0.04448563484708063
0 0.7742772424017791 0.05421686746987952 0.04225352112676056 0.047265987025023166
0 0.7542624166048925 0.14504170528266913 0.02742772424017791 0.03429101019462465
0 0.6942179392142328 0.08155699721964782 0.021497405485544848 0.04077849860982391
0 0.7531504818383988 0.654772937905468 0.025203854707190512 0.03243744207599629
0 0.787991104521868 0.6510658016682113 0.023721275018532245 0.03614457831325301
0 0.6208302446256486 0.8076923076923077 0.03187546330615271 0.05097312326227989
0 0.5830244625648628 0.773401297497683 0.02742772424017791 0.03429101019462465
0 0.5303928836174945 0.7951807228915663 0.025945144551519646 0.042632066728452274
0 0.5229799851742031 0.8651529193697869 0.033358042994810974 0.04911955514365153
0 0.4481097108969607 0.7854494902687674 0.06745737583395107 0.05468025949953661
0 0.3076352853965901 0.8354958294717331 0.03261675315048184 0.05468025949953661
0 0.37361008154188285 0.9782205746061168 0.03261675315048184 0.025023169601482854
0 0.23610081541882877 0.6955514365152919 0.03187546330615271 0.03985171455050973
1 0.19755374351371385 0.082483781278962 0.2157153446997776 0.14828544949026876
