5 0.07079318013343217 0.15708989805375348 0.060044477390659746 0.09916589434661724
5 0.31541882876204597 0.28544949026876737 0.34173461823573015 0.18164967562557924
5 0.35952557449962935 0.44717330861909177 0.12750185322461083 0.09360518999073215
5 0.5467012601927353 0.35820203892493047 0.07783543365455893 0.10472659870250231
0 0.12824314306893997 0.6353104726598703 0.03261675315048184 0.056533827618164965
0 0.4140103780578206 0.6195551436515292 0.04225352112676056 0.08619091751621873
0 0.46441808747220165 0.5936051899907322 0.08080059303187546 0.037998146431881374
0 0.6489992587101556 0.4351251158480074 0.02446256486286138 0.03614457831325301
0 0.5385470719051149 0.4439295644114921 0.0748702742772424 0.06302131603336422
0 0.2468495181616012 0.42493049119555143 0.042994810971089696 0.09731232622798888
0 0.16123054114158636 0.41890639481000924 0.07635285396590066 0.11677479147358666
0 0.3161601186063751 0.05097312326227989 0.04670126019273536 0.0963855421686747
0 0.257227575982209 0.10658016682113068 0.0385470719051149 0.14272474513438368
0 0.6208302446256486 0.3577386468952734 0.022979985174203115 0.04448563484708063
5 0.729058561897702 0.34291010194624655 0.028910303928836176 0.03892493049119555
5 0.6927353595255745 0.5018535681186284 0.033358042994810974 0.03614457831325301
5 0.594885100074129 0.5936051899907322 0.039288361749444035 0.030583873957367932
0 0.5511489992587102 0.7187210379981465 0.03187546330615271 0.06580166821130677
0 0.5563380281690141 0.8137164040778498 0.025945144551519646 0.029657089898053754
1 0.6553002223869533 0.9184430027803522 0.2920681986656783 0.1556997219647822
3 0.06671608598962195 0.3568118628359592 0.0904373610081542 0.13160333642261354
5 0.597479614529281 0.4281742354031511 0.020756115641215715 0.033364226135310475
5 0.6163825055596739 0.46014828544949027 0.028910303928836176 0.026876737720111215
