2 0.80859375 0.13671875 0.10546875 0.1171875
2 0.8193359375 0.3154296875 0.072265625 0.080078125
2 0.6630859375 0.0400390625 0.064453125 0.072265625
2 0.2060546875 0.1162109375 0.412109375 0.232421875
2 0.1171875 0.3701171875 0.234375 0.251953125
3 0.4921875 0.4716796875 0.5 0.498046875
4 0.431640625 0.3046875 0.2578125 0.26171875
6 0.1787109375 0.6982421875 0.357421875 0.353515625
5 0.7197265625 0.5712890625 0.044921875 0.052734375
5 0.7607421875 0.591796875 0.041015625 0.04296875
2 0.4345703125 0.470703125 0.197265625 0.171875
3 0.1787109375 0.697265625 0.353515625 0.35546875
