1 0.2071905114899926 0.70064874884152 0.4128984432913269 0.5949953660797034
1 0.5277983691623425 0.8507877664504171 0.22535211267605634 0.283595922150139
0 0.7023721275018532 0.12418906394810009 0.02446256486286138 0.022242817423540315
0 0.8106004447739066 0.11723818350324375 0.08673091178650852 0.03614457831325301
0 0.9258710155670867 0.31047265987025024 0.09785025945144551 0.1278962001853568
0 0.9065974796145293 0.42075996292863765 0.07857672349888807 0.0685820203892493
0 0.8365455893254262 0.43697868396663575 0.034840622683469234 0.056533827618164965
0 0.9151223128243143 0.5389249304911955 0.054114158636026685 0.09916589434661724
0 0.9603409933283914 0.4870250231696015 0.015567086730911787 0.03614457831325301
0 0.8513713862120089 0.2469879518072289 0.02742772424017791 0.04541241890639481
0 0.7642698295033358 0.012511584800741427 0.03261675315048184 0.019462465245597776
4 0.8584136397331357 0.49675625579240035 0.268346923647146 0.9879518072289156
4 0.12750185322461083 0.04170528266913809 0.1067457375833951 0.08341056533827618
0 0.14492216456634543 0.9680259499536608 0.07042253521126761 0.060240963855421686
0 0.014084507042253521 0.7641334569045413 0.026686434395848776 0.08619091751621873
5 0.6756856931060045 0.2645968489341983 0.02001482579688658 0.03614457831325301
5 0.7053372868791697 0.2511584800741427 0.033358042994810974 0.042632066728452274
5 0.8502594514455152 0.24976830398517144 0.017790956263899184 0.03614457831325301
5 0.890659747961453 0.4341983317886932 0.02742772424017791 0.03429101019462465
5 0.9114158636026687 0.4184430027803522 0.03039288361749444 0.06209453197405004
5 0.9143810229799851 0.5370713623725671 0.040770941438102296 0.08619091751621873
5 0.9607116382505559 0.4907321594068582 0.017790956263899184 0.037998146431881374
5 0.640103780578206 0.5389249304911955 0.025945144551519646 0.030583873957367932
5 0.6515937731653076 0.5097312326227988 0.02223869532987398 0.024096385542168676
