5 0.8131949592290586 0.9221501390176089 0.09191994069681246 0.1519925857275255
5 0.7698295033358044 0.7951807228915663 0.01704966641957005 0.027803521779425393
5 0.7857672349888807 0.8220574606116775 0.020756115641215715 0.025949953660797033
5 0.8762045959970348 0.8568118628359592 0.017790956263899184 0.04170528266913809
5 0.28910303928836173 0.6348470806302131 0.4714603409933284 0.23540315106580167
5 0.558932542624166 0.5556070435588508 0.056338028169014086 0.03243744207599629
5 0.7383246849518161 0.4782205746061168 0.05189028910303929 0.09082483781278962
5 0.7713120830244625 0.18489341983317886 0.1430689399555226 0.19925857275254866
5 0.4440326167531505 0.15940685820203893 0.04447739065974796 0.061167747914735865
5 0.5704225352112676 0.027340129749768304 0.05263157894736842 0.037998146431881374
5 0.6627131208302446 0.017608897126969416 0.0385470719051149 0.029657089898053754
5 0.449592290585619 0.3164967562557924 0.08228317272053373 0.13994439295644115
5 0.6193476649369903 0.35959221501390176 0.083765752409192 0.13531047265987026
5 0.4651593773165308 0.453660797034291 0.15048183839881393 0.10472659870250231
0 0.2553743513713862 0.3674698795180723 0.04670126019273536 0.05468025949953661
0 0.3028169014084507 0.20296570898980537 0.04225352112676056 0.04633920296570899
0 0.3702742772424018 0.2284522706209453 0.054114158636026685 0.05838739573679333
0 0.3524833209785026 0.12001853568118628 0.025945144551519646 0.030583873957367932
0 0.37361008154188285 0.11121408711770157 0.02223869532987398 0.024096385542168676
0 0.30541141586360265 0.05282669138090825 0.020756115641215715 0.024096385542168676
0 0.3109710896960712 0.09823911028730306 0.025945144551519646 0.025949953660797033
0 0.2553743513713862 0.028730305838739572 0.02446256486286138 0.03151065801668211
0 0.30133432171979246 0.4439295644114921 0.048183839881393624 0.05004633920296571
0 0.8873239436619719 0.6088971269694161 0.0340993328391401 0.04633920296570899
0 0.2268346923647146 0.9304911955514366 0.03558191252779837 0.04819277108433735
0 0.19903632320237213 0.9633920296570899 0.021497405485544848 0.03429101019462465
0 0.22720533728687917 0.9800741427247451 0.015567086730911787 0.015755329008341055
0 0.2553743513713862 0.9893419833178869 0.02742772424017791 0.017608897126969416
0 0.8028169014084507 0.20481927710843373 0.013343217197924388 0.029657089898053754
0 0.8202372127501854 0.1876737720111214 0.015567086730911787 0.023169601482854494
0 0.8180133432171979 0.23262279888785914 0.014084507042253521 0.022242817423540315
0 0.8005930318754633 0.2344763670064875 0.017790956263899184 0.022242817423540315
0 0.7916975537435137 0.2581093605189991 0.02223869532987398 0.019462465245597776
0 0.7687175685693106 0.26830398517145504 0.01927353595255745 0.019462465245597776
0 0.32987398072646407 0.6121408711770158 0.04151223128243143 0.04355885078776645
0 0.22535211267605634 0.6223354958294718 0.01630837657524092 0.025023169601482854
0 0.41808747220163084 0.5801668211306765 0.01927353595255745 0.020389249304911955
0 0.37212750185322463 0.6135310472659871 0.01630837657524092 0.025949953660797033
0 0.38621200889547813 0.6329935125115848 0.01927353595255745 0.022242817423540315
0 0.39770200148257967 0.608433734939759 0.022979985174203115 0.03243744207599629
5 0.27575982209043737 0.870713623725672 0.01927353595255745 0.03429101019462465
