1 0.1927353595255745 0.4402224281742354 0.3839881393624907 0.8748841519925857
0 0.48665678280207564 0.061631139944392954 0.060044477390659746 0.06209453197405004
0 0.43106004447739066 0.09406858202038924 0.025945144551519646 0.04541241890639481
0 0.42475908080059305 0.23123262279888787 0.025203854707190512 0.03429101019462465
0 0.3973313565604151 0.30908248378127895 0.02223869532987398 0.08619091751621873
0 0.36619718309859156 0.32854494902687675 0.023721275018532245 0.04911955514365153
0 0.3272794662713121 0.4365152919369787 0.02742772424017791 0.05004633920296571
0 0.4395848776871757 0.41890639481000924 0.02223869532987398 0.051899907321594066
0 0.4106745737583395 0.4397590361445783 0.01927353595255745 0.03429101019462465
0 0.38472942920681985 0.4555143651529194 0.03261675315048184 0.056533827618164965
0 0.4988880652335063 0.5092678405931418 0.03558191252779837 0.03985171455050973
0 0.8276501111934766 0.41195551436515293 0.021497405485544848 0.03429101019462465
0 0.8676797627872498 0.35542168674698793 0.021497405485544848 0.03429101019462465
0 0.8650852483320979 0.48980537534754404 0.01630837657524092 0.03243744207599629
0 0.7449962935507783 0.629286376274328 0.01927353595255745 0.03521779425393883
0 0.7405485544848036 0.27340129749768305 0.017790956263899184 0.022242817423540315
0 0.793180133432172 0.27247451343836887 0.01927353595255745 0.020389249304911955
0 0.6363973313565604 0.2873030583873957 0.02446256486286138 0.025949953660797033
0 0.7108969607116382 0.2701575532900834 0.02223869532987398 0.03243744207599629
0 0.7861378799110452 0.8206672845227062 0.02742772424017791 0.04170528266913809
0 0.8257968865826538 0.6223354958294718 0.020756115641215715 0.04355885078776645
0 0.4714603409933284 0.4508804448563485 0.029651593773165306 0.08433734939759036
2 0.4573758339510749 0.3113994439295644 0.2861378799110452 0.6172381835032438
5 0.7865085248332098 0.8164967562557924 0.025203854707190512 0.04633920296570899
5 0.9114158636026687 0.6260426320667285 0.02446256486286138 0.028730305838739572
5 0.8250555967383247 0.6241890639481001 0.02223869532987398 0.04355885078776645
5 0.7464788732394366 0.6302131603336423 0.01630837657524092 0.03151065801668211
5 0.7698295033358044 0.6413345690454124 0.01704966641957005 0.033364226135310475
5 0.980355819125278 0.5912882298424467 0.02446256486286138 0.05004633920296571
5 0.26723498888065234 0.932808155699722 0.034840622683469234 0.03429101019462465
5 0.6571534469977761 0.2428174235403151 0.06893995552260934 0.11121408711770157
5 0.7802075611564122 0.23215940685820205 0.08080059303187546 0.12511584800741427
5 0.6160118606375092 0.10843373493975904 0.02223869532987398 0.029657089898053754
5 0.6638250555967383 0.16311399443929564 0.033358042994810974 0.04819277108433735
5 0.9295774647887324 0.3989805375347544 0.04151223128243143 0.03614457831325301
4 0.7802075611564122 0.6061167747914736 0.4336545589325426 0.7766450417052827
4 0.48035581912527797 0.8113994439295644 0.16901408450704225 0.3623725671918443
