4 0.5229799851742031 0.7961075069508804 0.06300963676797627 0.09267840593141798
4 0.4922164566345441 0.07228915662650602 0.25055596738324687 0.12418906394810009
0 0.5593031875463306 0.17562557924003708 0.028910303928836176 0.037998146431881374
0 0.5885841363973313 0.13113994439295645 0.025203854707190512 0.037998146431881374
0 0.6160118606375092 0.133920296570899 0.029651593773165306 0.03985171455050973
0 0.670126019273536 0.5963855421686747 0.020756115641215715 0.03614457831325301
0 0.47702001482579687 0.4128822984244671 0.015567086730911787 0.03243744207599629
0 0.4744255003706449 0.47451343836886006 0.017790956263899184 0.022242817423540315
0 0.43402520385470716 0.5009267840593142 0.03039288361749444 0.030583873957367932
0 0.29132690882134915 0.49814643188137164 0.029651593773165306 0.03429101019462465
0 0.26908821349147516 0.5518999073215941 0.0340993328391401 0.03614457831325301
0 0.10303928836174944 0.40176088971269697 0.028169014084507043 0.030583873957367932
0 0.1223128243143069 0.35078776645041704 0.017790956263899184 0.013901760889712697
0 0.1497405485544848 0.35125115848007415 0.014825796886582653 0.029657089898053754
0 0.405114899925871 0.23725671918443003 0.02446256486286138 0.04448563484708063
5 0.16308376575240918 0.16311399443929564 0.037064492216456635 0.03892493049119555
5 0.7079318013343218 0.26135310472659873 0.1156412157153447 0.15755329008341057
5 0.5804299481097109 0.37766450417052827 0.16160118606375093 0.16774791473586653
5 0.16679021497405486 0.7164040778498609 0.10971089696071164 0.26506024096385544
0 0.4351371386212009 0.8809082483781279 0.01927353595255745 0.03243744207599629
0 0.4836916234247591 0.8665430954587581 0.022979985174203115 0.022242817423540315
0 0.5203854707190512 0.896663577386469 0.03558191252779837 0.05097312326227989
0 0.5733876945885842 0.9374420759962928 0.03039288361749444 0.03243744207599629
0 0.5707931801334322 0.8058387395736794 0.01630837657524092 0.030583873957367932
