0 0.3843587842846553 0.25903614457831325 0.083765752409192 0.17145505097312327
0 0.20459599703484063 0.4953660797034291 0.09933283914010378 0.12511584800741427
0 0.23424759080800592 0.6816496756255792 0.020756115641215715 0.030583873957367932
0 0.02928094885100074 0.5658016682113067 0.022979985174203115 0.03985171455050973
0 0.031134173461823574 0.2057460611677479 0.025203854707190512 0.04077849860982391
0 0.5463306152705708 0.20898980537534753 0.026686434395848776 0.037998146431881374
0 0.5793180133432172 0.2669138090824838 0.022979985174203115 0.04633920296570899
0 0.6634544106745738 0.2608897126969416 0.014825796886582653 0.030583873957367932
0 0.8539659006671608 0.5115848007414272 0.01927353595255745 0.03151065801668211
0 0.7905856189770201 0.5055607043558851 0.04670126019273536 0.04355885078776645
0 0.6790214974054856 0.4666357738646895 0.01927353595255745 0.037998146431881374
0 0.9473684210526315 0.29008341056533826 0.01927353595255745 0.027803521779425393
0 0.7071905114899926 0.6445783132530121 0.09488510007412898 0.10843373493975904
0 0.8042994810971089 0.6070435588507878 0.04151223128243143 0.03892493049119555
0 0.7690882134914752 0.6468952734012975 0.012601927353595256 0.024096385542168676
0 0.9095626389918459 0.597775718257646 0.017790956263899184 0.024096385542168676
0 0.6056338028169014 0.6177015755329008 0.031134173461823574 0.05838739573679333
0 0.5704225352112676 0.5588507877664504 0.01704966641957005 0.033364226135310475
0 0.5808005930318755 0.6765523632993512 0.018532246108228317 0.03151065801668211
0 0.5292809488510007 0.6487488415199258 0.03261675315048184 0.027803521779425393
0 0.5426241660489252 0.6844300278035218 0.01927353595255745 0.03243744207599629
0 0.5051890289103039 0.690917516218721 0.02001482579688658 0.03614457831325301
0 0.3951074870274277 0.41797961075069506 0.017790956263899184 0.029657089898053754
0 0.4225352112676056 0.4054680259499537 0.017790956263899184 0.03614457831325301
0 0.46071163825055594 0.4448563484708063 0.03039288361749444 0.07228915662650602
0 0.4822090437361008 0.4902687673772011 0.01111934766493699 0.029657089898053754
0 0.6349147516679021 0.0639481000926784 0.01111934766493699 0.03521779425393883
0 0.7049666419570052 0.17238183503243745 0.01927353595255745 0.06672845227062095
0 0.8280207561156412 0.4101019462465246 0.01927353595255745 0.04170528266913809
0 0.85470719051149 0.8582020389249305 0.023721275018532245 0.04633920296570899
1 0.6134173461823573 0.901760889712697 0.5804299481097109 0.18906394810009267
5 0.03446997776130467 0.36098239110287306 0.0452186805040771 0.0639481000926784
5 0.10081541882876205 0.381371640407785 0.023721275018532245 0.03429101019462465
5 0.13120830244625648 0.40732159406858204 0.017790956263899184 0.03243744207599629
5 0.20459599703484063 0.14735866543095458 0.028169014084507043 0.04077849860982391
5 0.44180874722016306 0.7066728452270621 0.023721275018532245 0.03243744207599629
5 0.4229058561897702 0.7414272474513438 0.028910303928836176 0.04819277108433735
5 0.8332097850259451 0.4091751621872104 0.03558191252779837 0.056533827618164965
5 0.5396590066716086 0.5940685820203893 0.042994810971089696 0.07599629286376275
5 0.39621942179392144 0.7673772011121409 0.06449221645663454 0.07228915662650602
5 0.4473684210526316 0.9453197405004634 0.03187546330615271 0.05004633920296571
5 0.7416604892512972 0.06811862835959222 0.022979985174203115 0.026876737720111215
5 0.7635285396590067 0.11121408711770157 0.020756115641215715 0.024096385542168676
5 0.4836916234247591 0.5857275254865616 0.033358042994810974 0.051899907321594066
5 0.5107487027427724 0.7659870250231696 0.023721275018532245 0.037998146431881374
5 0.508524833209785 0.727062094531974 0.025203854707190512 0.019462465245597776
5 0.02928094885100074 0.5630213160333642 0.025945144551519646 0.04170528266913809
5 0.20311341734618235 0.49582947173308617 0.09636767976278725 0.11677479147358666
5 0.040770941438102296 0.2738646895273401 0.02223869532987398 0.03614457831325301
5 0.48851000741289846 0.08619091751621873 0.020756115641215715 0.022242817423540315
