6 0.44032616753150483 0.20296570898980537 0.1363973313565604 0.40037071362372567
0 0.2071905114899926 0.829935125115848 0.033358042994810974 0.03614457831325301
0 0.22646404744255003 0.9091751621872104 0.04670126019273536 0.025949953660797033
0 0.2335063009636768 0.8776645041705282 0.01630837657524092 0.020389249304911955
0 0.24573758339510748 0.8521779425393883 0.03039288361749444 0.03429101019462465
0 0.2698295033358043 0.8067655236329935 0.042994810971089696 0.05838739573679333
0 0.3598962194217939 0.7451343836886005 0.033358042994810974 0.05560704355885079
0 0.30541141586360265 0.7539388322520852 0.017790956263899184 0.026876737720111215
0 0.5140845070422535 0.8234476367006488 0.03039288361749444 0.03243744207599629
0 0.5552260934025204 0.8345690454124189 0.02223869532987398 0.030583873957367932
0 0.5815418828762046 0.835032437442076 0.021497405485544848 0.022242817423540315
0 0.6249073387694588 0.8327154772937906 0.023721275018532245 0.026876737720111215
0 0.5882134914751668 0.7924003707136237 0.02742772424017791 0.022242817423540315
0 0.6130467012601928 0.8716404077849861 0.01630837657524092 0.03243744207599629
0 0.4907338769458858 0.9193697868396663 0.0385470719051149 0.022242817423540315
0 0.502594514455152 0.9471733086190918 0.020756115641215715 0.033364226135310475
0 0.46553002223869533 0.9082483781278962 0.020756115641215715 0.020389249304911955
0 0.005559673832468495 0.6538461538461539 0.009636767976278725 0.037998146431881374
0 0.12083024462564863 0.03243744207599629 0.01630837657524092 0.027803521779425393
0 0.9444032616753151 0.3637627432808156 0.03558191252779837 0.05468025949953661
0 0.9733135656041513 0.45968489341983315 0.0385470719051149 0.0685820203892493
0 0.9781319495922906 0.3206672845227062 0.03187546330615271 0.04448563484708063
0 0.8836174944403261 0.3809082483781279 0.072646404744255 0.0685820203892493
1 0.7153446997776131 0.4272474513438369 0.2876204595997035 0.34661723818350326
5 0.9288361749444033 0.43790546802594993 0.023721275018532245 0.03429101019462465
5 0.9006671608598962 0.4453197405004634 0.02223869532987398 0.03614457831325301
5 0.8332097850259451 0.5611677479147359 0.0385470719051149 0.05468025949953661
5 0.6957005189028911 0.6316033364226136 0.02742772424017791 0.03429101019462465
5 0.72646404744255 0.7604263206672845 0.1586360266864344 0.19555143651529194
5 0.734247590808006 0.927710843373494 0.12083024462564863 0.14087117701575533
5 0.28465530022238694 0.5185356811862836 0.1156412157153447 0.1380908248378128
5 0.3391401037805782 0.6200185356811863 0.04966641957005189 0.04077849860982391
5 0.2005189028910304 0.3405931417979611 0.0363232023721275 0.03614457831325301
5 0.24981467753891773 0.04865616311399444 0.02223869532987398 0.028730305838739572
5 0.5415122312824314 0.32252085264133457 0.02446256486286138 0.027803521779425393
5 0.9603409933283914 0.8123262279888785 0.022979985174203115 0.026876737720111215
4 0.5229799851742031 0.9531974050046339 0.32097850259451444 0.08619091751621873
4 0.24722016308376576 0.21501390176088972 0.4870274277242402 0.42075996292863765
