0 0.5722757598220904 0.20064874884151992 0.037064492216456635 0.05097312326227989
0 0.48665678280207564 0.18164967562557924 0.021497405485544848 0.027803521779425393
0 0.49962935507783546 0.1524559777571826 0.020756115641215715 0.023169601482854494
0 0.69236471460341 0.1524559777571826 0.020756115641215715 0.023169601482854494
0 0.8309859154929577 0.04865616311399444 0.037064492216456635 0.03985171455050973
0 0.8469236471460341 0.09453197405004633 0.02446256486286138 0.022242817423540315
0 0.2698295033358043 0.30954587581093607 0.023721275018532245 0.042632066728452274
0 0.5344699777613047 0.6112140871177015 0.02223869532987398 0.023169601482854494
0 0.6308376575240919 0.6362372567191844 0.01630837657524092 0.012048192771084338
0 0.5033358042994811 0.7761816496756255 0.01927353595255745 0.021316033364226137
0 0.24388435878428466 0.768303985171455 0.017790956263899184 0.025949953660797033
0 0.29614529280948854 0.6862835959221502 0.025945144551519646 0.03243744207599629
0 0.3313565604151223 0.639017608897127 0.01630837657524092 0.013901760889712697
0 0.3395107487027428 0.659870250231696 0.01927353595255745 0.022242817423540315
0 0.4336545589325426 0.23679332715477294 0.026686434395848776 0.030583873957367932
0 0.4584877687175686 0.2608897126969416 0.034840622683469234 0.030583873957367932
0 0.2664936990363232 0.1278962001853568 0.02742772424017791 0.025949953660797033
0 0.782060785767235 0.6848934198331789 0.01927353595255745 0.020389249304911955
0 0.33246849518161603 0.6816496756255792 0.01704966641957005 0.023169601482854494
0 0.3680504077094144 0.7520852641334569 0.02446256486286138 0.021316033364226137
0 0.29466271312083026 0.572289156626506 0.018532246108228317 0.015755329008341055
0 0.24647887323943662 0.46941612604263205 0.015567086730911787 0.019462465245597776
0 0.43736100815418827 0.3767377201112141 0.01927353595255745 0.015755329008341055
0 0.34099332839140106 0.29703429101019463 0.01630837657524092 0.013901760889712697
0 0.502594514455152 0.33642261353104724 0.017790956263899184 0.016682113067655237
0 0.34840622683469236 0.46617238183503246 0.017790956263899184 0.022242817423540315
0 0.3291326908821349 0.5157553290083411 0.014825796886582653 0.028730305838739572
0 0.2301704966641957 0.6835032437442076 0.028910303928836176 0.026876737720111215
0 0.32134914751667903 0.1746987951807229 0.014084507042253521 0.021316033364226137
0 0.3002223869532987 0.16265060240963855 0.023721275018532245 0.017608897126969416
0 0.24981467753891773 0.2571825764596849 0.013343217197924388 0.021316033364226137
0 0.3680504077094144 0.314643188137164 0.03039288361749444 0.028730305838739572
0 0.5033358042994811 0.7048192771084337 0.01927353595255745 0.019462465245597776
0 0.5255744996293551 0.2655236329935125 0.0340993328391401 0.03429101019462465
5 0.9314306893995552 0.4772937905468026 0.025945144551519646 0.05560704355885079
5 0.9584877687175686 0.5783132530120482 0.08005930318754632 0.1927710843373494
5 0.6590066716085989 0.4077849860982391 0.1363973313565604 0.211306765523633
5 0.488880652335063 0.4582947173308619 0.18309859154929578 0.23632993512511585
5 0.5993328391401038 0.6283595922150139 0.15937731653076354 0.10379981464318813
5 0.5511489992587102 0.8123262279888785 0.15937731653076354 0.2196478220574606
5 0.7839140103780579 0.27293790546802593 0.10748702742772424 0.13067655236329936
5 0.8198665678280208 0.690917516218721 0.15270570793180133 0.14921223354958293
5 0.3076352853965901 0.5593141797961075 0.18680504077094143 0.3438368860055607
5 0.253891771682728 0.2873030583873957 0.14603409933283915 0.23540315106580167
5 0.16382505559673832 0.3489341983317887 0.04002965159377316 0.10472659870250231
5 0.050037064492216454 0.20898980537534753 0.10007412898443291 0.2511584800741427
5 0.12972572275759822 0.05885078776645042 0.05930318754633061 0.11584800741427248
5 0.3917716827279466 0.0597775718257646 0.1949592290585619 0.08619091751621873
2 0.06634544106745738 0.6964782205746061 0.13269088213491476 0.4995366079703429
1 0.25463306152705706 0.9189063948100092 0.2542624166048925 0.15848007414272475
1 0.7327650111193477 0.9712696941612604 0.21719792438843588 0.05375347544022243
