1 0.22164566345441067 0.15384615384615385 0.44180874722016306 0.30583873957367935
1 0.08413639733135655 0.39202965708989806 0.16382505559673832 0.16682113067655235
0 0.5437361008154188 0.8025949953660797 0.028910303928836176 0.029657089898053754
0 0.5507783543365455 0.8535681186283596 0.04002965159377316 0.04448563484708063
0 0.5252038547071906 0.8679332715477294 0.02446256486286138 0.028730305838739572
0 0.5140845070422535 0.8276181649675626 0.033358042994810974 0.04077849860982391
0 0.5011119347664937 0.9008341056533827 0.037064492216456635 0.05004633920296571
0 0.4369903632320237 0.8688600556070436 0.021497405485544848 0.030583873957367932
0 0.4303187546330615 0.8225208526413346 0.03039288361749444 0.037998146431881374
0 0.4681245366938473 0.603336422613531 0.028910303928836176 0.04633920296570899
0 0.4473684210526316 0.6172381835032438 0.028910303928836176 0.03521779425393883
0 0.43217197924388434 0.6394810009267841 0.020756115641215715 0.022242817423540315
0 0.544477390659748 0.6788693234476367 0.033358042994810974 0.03243744207599629
0 0.41697553743513716 0.5861909175162188 0.028910303928836176 0.028730305838739572
0 0.4095626389918458 0.6946246524559777 0.02742772424017791 0.025023169601482854
0 0.4065974796145293 0.7604263206672845 0.033358042994810974 0.037998146431881374
0 0.43217197924388434 0.7622798887859129 0.020756115641215715 0.030583873957367932
0 0.1927353595255745 0.794253938832252 0.04002965159377316 0.06302131603336422
0 0.09673832468495182 0.6612604263206673 0.03187546330615271 0.037998146431881374
0 0.07524091919940697 0.6848934198331789 0.021497405485544848 0.024096385542168676
0 0.14936990363232025 0.6014828544949027 0.04966641957005189 0.09082483781278962
0 0.11082283172720533 0.6121408711770158 0.03039288361749444 0.03985171455050973
0 0.16123054114158636 0.9119555143651529 0.02001482579688658 0.020389249304911955
0 0.13120830244625648 0.8934198331788693 0.017790956263899184 0.024096385542168676
0 0.14529280948851 0.8869323447636701 0.01630837657524092 0.025949953660797033
0 0.06449221645663454 0.7279888785912882 0.01630837657524092 0.017608897126969416
0 0.07449962935507784 0.7488415199258572 0.03187546330615271 0.027803521779425393
0 0.07561156412157154 0.7882298424467099 0.01927353595255745 0.021316033364226137
0 0.00815418828762046 0.7933271547729379 0.01630837657524092 0.04819277108433735
0 0.9288361749444033 0.7469879518072289 0.017790956263899184 0.020389249304911955
5 0.025203854707190512 0.5750695088044485 0.037064492216456635 0.07506950880444857
5 0.07042253521126761 0.5917516218721038 0.04002965159377316 0.14921223354958293
5 0.2246108228317272 0.6121408711770158 0.25945144551519644 0.1696014828544949
5 0.40252038547071906 0.6672845227062094 0.09636767976278725 0.23169601482854496
5 0.5670867309117865 0.5898980537534755 0.2357301704966642 0.12511584800741427
5 0.6645663454410674 0.7502316960148285 0.19644180874722017 0.06209453197405004
5 0.64529280948851 0.9091751621872104 0.14455151964418086 0.09082483781278962
5 0.8050407709414381 0.8433734939759037 0.06968124536693847 0.051899907321594066
5 0.5422535211267606 0.9564411492122336 0.054114158636026685 0.04077849860982391
5 0.3758339510748703 0.9096385542168675 0.11415863602668644 0.08063021316033364
5 0.1893995552260934 0.953660797034291 0.060044477390659746 0.05004633920296571
5 0.03817642698295033 0.732159406858202 0.04966641957005189 0.12233549582947173
5 0.5663454410674573 0.2469879518072289 0.029651593773165306 0.037998146431881374
5 0.7379540400296516 0.010194624652455977 0.06597479614529281 0.0
