5 0.30096367679762787 0.27710843373493976 0.0770941438102298 0.13160333642261354
5 0.2279466271312083 0.3758109360518999 0.05707931801334322 0.09916589434661724
5 0.32431430689399554 0.4893419833178869 0.09414381022979985 0.10009267840593142
5 0.41512231282431433 0.571825764596849 0.07116382505559674 0.08897126969416126
5 0.49147516679021497 0.4675625579240037 0.12750185322461083 0.13623725671918444
5 0.639362490733877 0.49258572752548657 0.14899925871015568 0.1102873030583874
5 0.7409191994069682 0.4684893419833179 0.021497405485544848 0.030583873957367932
5 0.7553743513713862 0.654772937905468 0.017790956263899184 0.03985171455050973
5 0.6742031134173462 0.6886005560704356 0.08673091178650852 0.051899907321594066
5 0.7939214232765011 0.5917516218721038 0.031134173461823574 0.03243744207599629
5 0.2842846553002224 0.5917516218721038 0.040770941438102296 0.08063021316033364
5 0.27687175685693105 0.6719184430027804 0.025945144551519646 0.05004633920296571
5 0.017420311341734617 0.5597775718257646 0.021497405485544848 0.10379981464318813
1 0.6104521868050408 0.12557924003707135 0.6130467012601928 0.24930491195551435
0 0.7857672349888807 0.8433734939759037 0.07561156412157154 0.09267840593141798
0 0.7216456634544107 0.8776645041705282 0.04373610081541883 0.08526413345690455
0 0.44329132690882134 0.8053753475440223 0.031134173461823574 0.10936051899907322
0 0.24017790956263899 0.6566265060240963 0.03261675315048184 0.04355885078776645
0 0.8421052631578947 0.5426320667284523 0.056338028169014086 0.05468025949953661
0 0.8539659006671608 0.5898980537534755 0.01927353595255745 0.03614457831325301
0 0.885470719051149 0.6223354958294718 0.02446256486286138 0.060240963855421686
0 0.8799110452186805 0.690917516218721 0.06078576723498888 0.060240963855421686
0 0.5526315789473685 0.6010194624652456 0.033358042994810974 0.03429101019462465
0 0.5285396590066717 0.5458758109360519 0.0340993328391401 0.04077849860982391
0 0.5203854707190512 0.6603336422613532 0.037064492216456635 0.03243744207599629
0 0.3402520385470719 0.5769230769230769 0.017790956263899184 0.030583873957367932
0 0.156412157153447 0.028730305838739572 0.02223869532987398 0.03151065801668211
0 0.16456634544106746 0.1102873030583874 0.05485544848035582 0.09082483781278962
0 0.16345441067457375 0.2201112140871177 0.03039288361749444 0.03614457831325301
0 0.13936249073387694 0.2557924003707136 0.031134173461823574 0.04819277108433735
0 0.11712379540400296 0.20528266913809082 0.031134173461823574 0.03614457831325301
0 0.11601186063750926 0.14040778498609824 0.022979985174203115 0.05097312326227989
0 0.21052631578947367 0.042632066728452274 0.05930318754633061 0.0685820203892493
0 0.21756856931060045 0.09592215013901761 0.028910303928836176 0.03429101019462465
0 0.24944403261675316 0.09962928637627433 0.025945144551519646 0.03614457831325301
