2 0.021868050407709415 0.9471733086190918 0.04373610081541883 0.0871177015755329
0 0.7253521126760564 0.43697868396663575 0.03187546330615271 0.060240963855421686
0 0.6686434395848777 0.41241890639481 0.017790956263899184 0.022242817423540315
0 0.5511489992587102 0.7720111214087118 0.014084507042253521 0.022242817423540315
0 0.7616753150481839 0.14550509731232622 0.01704966641957005 0.027803521779425393
0 0.8283914010378057 0.12233549582947173 0.02001482579688658 0.025949953660797033
0 0.7783543365455893 0.056070435588507876 0.02223869532987398 0.030583873957367932
0 0.7005189028910304 0.0871177015755329 0.017790956263899184 0.020389249304911955
0 0.7609340252038547 0.056997219647822055 0.009636767976278725 0.019462465245597776
0 0.28354336545589326 0.6116774791473587 0.022979985174203115 0.022242817423540315
0 0.34951816160118604 0.634383688600556 0.028910303928836176 0.025023169601482854
0 0.4080800593031875 0.6445783132530121 0.014084507042253521 0.019462465245597776
0 0.42031134173461826 0.6496756255792401 0.01630837657524092 0.018535681186283594
0 0.5114899925871016 0.5074142724745134 0.01630837657524092 0.019462465245597776
0 0.4588584136397331 0.49443929564411493 0.01630837657524092 0.021316033364226137
0 0.603409933283914 0.4569045412418906 0.013343217197924388 0.020389249304911955
0 0.653817642698295 0.5115848007414272 0.017790956263899184 0.020389249304911955
0 0.5952557449962935 0.5597775718257646 0.01927353595255745 0.020389249304911955
0 0.5326167531504818 0.5597775718257646 0.02001482579688658 0.016682113067655237
0 0.5518902891030393 0.5537534754402225 0.018532246108228317 0.019462465245597776
0 0.8891771682727947 0.35542168674698793 0.028910303928836176 0.03429101019462465
0 0.5492957746478874 0.8253012048192772 0.020756115641215715 0.028730305838739572
0 0.5789473684210527 0.4772937905468026 0.01630837657524092 0.020389249304911955
0 0.575240919199407 0.5078776645041705 0.017790956263899184 0.020389249304911955
0 0.5103780578206079 0.5509731232622799 0.009636767976278725 0.021316033364226137
0 0.3402520385470719 0.8035217794253939 0.014825796886582653 0.027803521779425393
0 0.45218680504077097 0.629286376274328 0.028169014084507043 0.029657089898053754
1 0.27687175685693105 0.10518999073215941 0.3758339510748703 0.20852641334569044
