2 0.5166015625 0.9404296875 0.044921875 0.107421875
2 0.55859375 0.8759765625 0.0625 0.068359375
2 0.6923828125 0.30859375 0.056640625 0.07421875
2 0.0185546875 0.5166015625 0.029296875 0.041015625
2 0.0146484375 0.5791015625 0.021484375 0.041015625
2 0.7138671875 0.724609375 0.056640625 0.06640625
4 0.498046875 0.38671875 0.9921875 0.76953125
4 0.142578125 0.8876953125 0.28125 0.216796875
0 0.421875 0.1103515625 0.03125 0.041015625
2 0.6318359375 0.9765625 0.041015625 0.0390625
2 0.7109375 0.9111328125 0.05859375 0.060546875
2 0.669921875 0.806640625 0.09765625 0.12109375
2 0.642578125 0.9169921875 0.046875 0.048828125
0 0.7119140625 0.6484375 0.037109375 0.0546875
