0 0.9262416604892513 0.5240963855421686 0.028910303928836176 0.03614457831325301
0 0.8009636767976279 0.34754402224281744 0.028910303928836176 0.029657089898053754
0 0.8358042994810971 0.3002780352177943 0.03039288361749444 0.07970342910101946
0 0.7031134173461824 0.24513438368860055 0.028910303928836176 0.030583873957367932
0 0.7286879169755375 0.24142724745134383 0.02223869532987398 0.03429101019462465
0 0.7601927353595256 0.21408711770157554 0.021497405485544848 0.024096385542168676
0 0.7720533728687917 0.16728452270620944 0.015567086730911787 0.015755329008341055
0 0.8365455893254262 0.1566265060240964 0.009636767976278725 0.022242817423540315
0 0.7616753150481839 0.3809082483781279 0.03039288361749444 0.03151065801668211
0 0.7272053372868792 0.39202965708989806 0.01927353595255745 0.029657089898053754
0 0.6378799110452187 0.40593141797961074 0.033358042994810974 0.022242817423540315
0 0.6048925129725723 0.3818350324374421 0.025203854707190512 0.029657089898053754
0 0.7457375833951075 0.5829471733086191 0.017790956263899184 0.022242817423540315
0 0.8139362490733877 0.5556070435588508 0.01630837657524092 0.03243744207599629
0 0.8346923647146034 0.571825764596849 0.013343217197924388 0.020389249304911955
0 0.8042994810971089 0.5949953660797034 0.01630837657524092 0.033364226135310475
0 0.7857672349888807 0.6061167747914736 0.017790956263899184 0.016682113067655237
0 0.5422535211267606 0.41890639481000924 0.015567086730911787 0.027803521779425393
0 0.5989621942179392 0.1056533827618165 0.020756115641215715 0.024096385542168676
0 0.5648628613787992 0.05468025949953661 0.025203854707190512 0.03151065801668211
0 0.5455893254262416 0.08109360518999073 0.01927353595255745 0.019462465245597776
0 0.4922164566345441 0.07136237256719184 0.01630837657524092 0.020389249304911955
0 0.2698295033358043 0.2659870250231696 0.023721275018532245 0.03151065801668211
0 0.28020756115641215 0.25301204819277107 0.013343217197924388 0.022242817423540315
0 0.2876204595997035 0.2289156626506024 0.017790956263899184 0.025949953660797033
0 0.2876204595997035 0.49212233549582945 0.017790956263899184 0.022242817423540315
0 0.28020756115641215 0.5115848007414272 0.01630837657524092 0.020389249304911955
0 0.3065233506300964 0.5338276181649676 0.014084507042253521 0.020389249304911955
0 0.3202372127501853 0.5152919369786839 0.013343217197924388 0.024096385542168676
0 0.7353595255744997 0.2891566265060241 0.01630837657524092 0.025949953660797033
0 0.5122312824314307 0.2196478220574606 0.017790956263899184 0.027803521779425393
0 0.46590066716085987 0.08804448563484708 0.014084507042253521 0.025949953660797033
5 0.4703484062268347 0.8396663577386468 0.02742772424017791 0.04448563484708063
5 0.2983691623424759 0.20018535681186284 0.08524833209785027 0.09267840593141798
5 0.2857672349888806 0.49582947173308617 0.0363232023721275 0.051899907321594066
5 0.3220904373610082 0.5287303058387396 0.048183839881393624 0.06209453197405004
5 0.9625648628613788 0.3113994439295644 0.021497405485544848 0.03521779425393883
0 0.8413639733135656 0.19647822057460612 0.013343217197924388 0.022242817423540315
1 0.08747220163083766 0.7136237256719185 0.17346182357301704 0.5653382761816497
1 0.38139362490733875 0.8151065801668211 0.41141586360266863 0.366079703429101
