3 0.17568569310600446 0.2664504170528267 0.3469236471460341 0.5273401297497683
0 0.9551519644180875 0.5069508804448564 0.028910303928836176 0.025949953660797033
0 0.9255003706449222 0.5588507877664504 0.02446256486286138 0.033364226135310475
0 0.9080800593031876 0.6019462465245597 0.026686434395848776 0.05282669138090825
0 0.8591549295774648 0.6153846153846154 0.01927353595255745 0.022242817423540315
0 0.8339510748702743 0.6311399443929564 0.017790956263899184 0.025949953660797033
0 0.7253521126760564 0.6543095458758109 0.03187546330615271 0.024096385542168676
0 0.684581171237954 0.6997219647822057 0.04966641957005189 0.04633920296570899
0 0.6204595997034841 0.7900834105653383 0.037064492216456635 0.04170528266913809
0 0.28502594514455154 0.45041705282669137 0.04225352112676056 0.05375347544022243
0 0.22868791697553745 0.5389249304911955 0.04225352112676056 0.05468025949953661
0 0.24647887323943662 0.49721964782205746 0.028910303928836176 0.03614457831325301
0 0.7075611564121571 0.329935125115848 0.028910303928836176 0.04633920296570899
0 0.6979243884358785 0.37488415199258573 0.03187546330615271 0.03985171455050973
0 0.5437361008154188 0.2692307692307692 0.025945144551519646 0.04541241890639481
0 0.455522609340252 0.022706209453197405 0.034840622683469234 0.028730305838739572
0 0.3654558932542624 0.5922150139017609 0.02223869532987398 0.027803521779425393
0 0.40882134914751667 0.5787766450417052 0.018532246108228317 0.037998146431881374
0 0.5696812453669384 0.5403151065801668 0.025945144551519646 0.04633920296570899
0 0.5759822090437361 0.8183503243744208 0.01927353595255745 0.033364226135310475
0 0.8198665678280208 0.2919369786839666 0.017790956263899184 0.027803521779425393
0 0.8458117123795404 0.29518072289156627 0.02223869532987398 0.026876737720111215
0 0.9851742031134173 0.7043558850787767 0.017790956263899184 0.04819277108433735
5 0.6756856931060045 0.9884151992585728 0.025945144551519646 0.015755329008341055
5 0.7898443291326909 0.7608897126969416 0.018532246108228317 0.027803521779425393
5 0.22312824314306895 0.14087117701575533 0.031134173461823574 0.04633920296570899
5 0.2676056338028169 0.1329935125115848 0.01927353595255745 0.03243744207599629
5 0.24833209785025945 0.16172381835032437 0.01927353595255745 0.03985171455050973
5 0.5411415863602669 0.25903614457831325 0.020756115641215715 0.026876737720111215
5 0.2664936990363232 0.47868396663577384 0.08228317272053373 0.10658016682113068
5 0.24981467753891773 0.39063948100092677 0.02223869532987398 0.03243744207599629
5 0.2761304670126019 0.3957367933271548 0.02446256486286138 0.03892493049119555
5 0.24573758339510748 0.41890639481000924 0.021497405485544848 0.020389249304911955
5 0.24944403261675316 0.5829471733086191 0.025945144551519646 0.029657089898053754
5 0.23091178650852484 0.6116774791473587 0.02742772424017791 0.04633920296570899
