2 0.021497405485544848 0.9471733086190918 0.04151223128243143 0.08341056533827618
0 0.5092661230541141 0.9490268767377201 0.011860637509266123 0.025949953660797033
0 0.5300222386953298 0.9545875810936052 0.017790956263899184 0.020389249304911955
0 0.5759822090437361 0.6177015755329008 0.028169014084507043 0.03429101019462465
0 0.5374351371386212 0.5106580166821131 0.02223869532987398 0.057460611677479144
0 0.5255744996293551 0.6654309545875811 0.014825796886582653 0.022242817423540315
0 0.5841363973313566 0.48841519925857274 0.03261675315048184 0.025949953660797033
0 0.4966641957005189 0.809082483781279 0.014825796886582653 0.020389249304911955
0 0.5092661230541141 0.8373493975903614 0.014825796886582653 0.03243744207599629
0 0.416234247590808 0.8072289156626506 0.014084507042253521 0.024096385542168676
0 0.4329132690882135 0.8100092678405931 0.013343217197924388 0.022242817423540315
0 0.41215715344699777 0.7822057460611678 0.01630837657524092 0.018535681186283594
0 0.6212008895478132 0.8044485634847081 0.01927353595255745 0.022242817423540315
0 0.5151964418087472 0.9091751621872104 0.02223869532987398 0.022242817423540315
0 0.5389177168272795 0.6153846153846154 0.01630837657524092 0.018535681186283594
0 0.5463306152705708 0.31742354031510656 0.014825796886582653 0.021316033364226137
0 0.514455151964418 0.3215940685820204 0.017790956263899184 0.018535681186283594
0 0.40029651593773163 0.29842446709916587 0.020756115641215715 0.016682113067655237
0 0.4306893995552261 0.30213160333642264 0.014825796886582653 0.024096385542168676
0 0.27390659747961454 0.6135310472659871 0.022979985174203115 0.025949953660797033
1 0.09414381022979985 0.3526413345690454 0.1882876204595997 0.44763670064874883
0 0.5189028910303929 0.14040778498609824 0.011860637509266123 0.026876737720111215
