4 0.505859375 0.546875 0.39453125 0.57421875
2 0.1953125 0.388671875 0.03125 0.0625
2 0.224609375 0.494140625 0.0234375 0.05859375
2 0.2421875 0.5166015625 0.03125 0.056640625
2 0.068359375 0.4267578125 0.02734375 0.041015625
2 0.1083984375 0.3955078125 0.029296875 0.041015625
2 0.1103515625 0.5478515625 0.037109375 0.041015625
0 0.0966796875 0.84375 0.083984375 0.06640625
0 0.1748046875 0.9638671875 0.048828125 0.052734375
0 0.1982421875 0.3876953125 0.037109375 0.056640625
0 0.2255859375 0.498046875 0.021484375 0.05859375
0 0.240234375 0.5166015625 0.0390625 0.064453125
0 0.109375 0.5478515625 0.0390625 0.041015625
0 0.068359375 0.4189453125 0.03125 0.064453125
1 0.880859375 0.91796875 0.203125 0.14453125
