0 0.4228515625 0.11328125 0.103515625 0.08984375
0 0.41796875 0.1923828125 0.109375 0.064453125
0 0.5361328125 0.10546875 0.099609375 0.05859375
0 0.5048828125 0.3486328125 0.041015625 0.087890625
0 0.63671875 0.0400390625 0.04296875 0.033203125
0 0.66796875 0.5703125 0.03515625 0.08203125
0 0.5859375 0.4375 0.04296875 0.04296875
0 0.4619140625 0.404296875 0.060546875 0.07421875
0 0.4287109375 0.4580078125 0.056640625 0.076171875
0 0.69140625 0.474609375 0.05078125 0.08203125
2 0.8505859375 0.7197265625 0.052734375 0.041015625
2 0.7998046875 0.7705078125 0.029296875 0.041015625
2 0.80859375 0.8359375 0.06640625 0.06640625
2 0.1376953125 0.951171875 0.107421875 0.07421875
2 0.048828125 0.7255859375 0.04296875 0.044921875
2 0.1044921875 0.6015625 0.041015625 0.02734375
2 0.107421875 0.357421875 0.046875 0.0390625
2 0.1484375 0.298828125 0.04296875 0.04296875
2 0.888671875 0.2021484375 0.046875 0.044921875
2 0.787109375 0.28125 0.0625 0.05859375
2 0.8427734375 0.330078125 0.041015625 0.05078125
2 0.7353515625 0.271484375 0.041015625 0.04296875
2 0.5185546875 0.9111328125 0.060546875 0.166015625
2 0.4619140625 0.9169921875 0.048828125 0.150390625
2 0.6171875 0.7392578125 0.078125 0.056640625
2 0.42578125 0.787109375 0.0546875 0.046875
2 0.2958984375 0.6357421875 0.044921875 0.044921875
2 0.3291015625 0.5908203125 0.041015625 0.037109375
2 0.501953125 0.60546875 0.07421875 0.0625
2 0.6044921875 0.5498046875 0.029296875 0.041015625
0 0.4580078125 0.025390625 0.037109375 0.04296875
0 0.5048828125 0.0390625 0.044921875 0.05078125
0 0.7470703125 0.412109375 0.048828125 0.05859375
0 0.765625 0.4990234375 0.09375 0.123046875
4 0.1796875 0.1787109375 0.35546875 0.353515625
2 0.4541015625 0.689453125 0.041015625 0.05859375
2 0.5849609375 0.892578125 0.056640625 0.14453125
5 0.826171875 0.6181640625 0.0546875 0.037109375
5 0.8212890625 0.583984375 0.052734375 0.0390625
5 0.91796875 0.5244140625 0.03515625 0.048828125
5 0.8662109375 0.451171875 0.041015625 0.0390625
5 0.7890625 0.970703125 0.046875 0.04296875
