0 0.8109710896960711 0.38693234476367006 0.05485544848035582 0.04911955514365153
0 0.8532246108228317 0.41102873030583875 0.026686434395848776 0.028730305838739572
0 0.742772424017791 0.41427247451343835 0.037064492216456635 0.022242817423540315
0 0.6997776130467013 0.41427247451343835 0.01927353595255745 0.018535681186283594
0 0.6638250555967383 0.41797961075069506 0.02742772424017791 0.025949953660797033
0 0.603409933283914 0.432808155699722 0.025203854707190512 0.024096385542168676
0 0.6330615270570793 0.4272474513438369 0.031134173461823574 0.03151065801668211
0 0.4844329132690882 0.6946246524559777 0.039288361749444035 0.03243744207599629
0 0.6156412157153447 0.9059314179796107 0.02446256486286138 0.03243744207599629
0 0.5833951074870274 0.9221501390176089 0.023721275018532245 0.027803521779425393
0 0.5429948109710897 0.9258572752548656 0.02446256486286138 0.027803521779425393
0 0.5133432171979244 0.9573679332715477 0.022979985174203115 0.029657089898053754
0 0.5037064492216456 0.9291010194624653 0.022979985174203115 0.023169601482854494
0 0.5244625648628614 0.9212233549582948 0.015567086730911787 0.022242817423540315
0 0.6571534469977761 0.8730305838739574 0.021497405485544848 0.025949953660797033
0 0.8005930318754633 0.9805375347544022 0.020756115641215715 0.024096385542168676
0 0.5796886582653817 0.758109360518999 0.020756115641215715 0.025949953660797033
0 0.6056338028169014 0.752548656163114 0.020756115641215715 0.024096385542168676
0 0.647887323943662 0.6886005560704356 0.020756115641215715 0.03151065801668211
0 0.3106004447739066 0.6895273401297498 0.03558191252779837 0.04633920296570899
0 0.2765011119347665 0.7159406858202039 0.020756115641215715 0.021316033364226137
0 0.3832468495181616 0.6705282669138091 0.01927353595255745 0.028730305838739572
0 0.4558932542624166 0.5903614457831325 0.020756115641215715 0.027803521779425393
0 0.4951816160118606 0.5125115848007414 0.056338028169014086 0.05004633920296571
0 0.4447739065974796 0.5227062094531975 0.037064492216456635 0.03892493049119555
0 0.4080800593031875 0.5588507877664504 0.02446256486286138 0.042632066728452274
0 0.2312824314306894 0.8243744207599629 0.023721275018532245 0.026876737720111215
0 0.2157153446997776 0.8739573679332715 0.013343217197924388 0.024096385542168676
0 0.16679021497405486 0.8484708063021316 0.04002965159377316 0.05468025949953661
0 0.1816160118606375 0.7882298424467099 0.020756115641215715 0.037998146431881374
0 0.16160118606375093 0.736793327154773 0.01927353595255745 0.020389249304911955
0 0.27798369162342473 0.3438368860055607 0.037064492216456635 0.05004633920296571
0 0.3046701260192735 0.32947173308619093 0.01927353595255745 0.037998146431881374
0 0.22757598220904374 0.3535681186283596 0.037064492216456635 0.04541241890639481
0 0.24388435878428466 0.32020389249304915 0.031134173461823574 0.03985171455050973
0 0.2631578947368421 0.29101019462465244 0.037064492216456635 0.042632066728452274
0 0.1397331356560415 0.28405931417979613 0.08821349147516679 0.05282669138090825
0 0.18643439584877688 0.252548656163114 0.03039288361749444 0.03614457831325301
0 0.466641957005189 0.1936978683966636 0.03187546330615271 0.04448563484708063
0 0.39436619718309857 0.17284522706209454 0.05782060785767235 0.08619091751621873
0 0.35507783543365457 0.17655236329935126 0.023721275018532245 0.03429101019462465
0 0.09191994069681246 0.6876737720111215 0.02223869532987398 0.029657089898053754
0 0.712750185322461 0.6830398517145505 0.015567086730911787 0.020389249304911955
0 0.7346182357301705 0.6923076923076923 0.020756115641215715 0.04448563484708063
