6 0.24388435878428466 0.7126969416126042 0.4699777613046701 0.5430954587581094
1 0.07672349888806523 0.37349397590361444 0.15196441808747221 0.535681186283596
1 0.18383988139362492 0.7673772011121409 0.3380281690140845 0.4541241890639481
0 0.7338769458858414 0.3253012048192771 0.026686434395848776 0.04448563484708063
0 0.8206078576723499 0.21084337349397592 0.020756115641215715 0.03985171455050973
0 0.7023721275018532 0.12882298424467098 0.033358042994810974 0.05004633920296571
0 0.6108228317272053 0.08016682113067655 0.01927353595255745 0.03429101019462465
0 0.6022979985174203 0.028730305838739572 0.02446256486286138 0.03707136237256719
0 0.8261675315048184 0.019925857275254866 0.03187546330615271 0.03429101019462465
0 0.863232023721275 0.03568118628359592 0.02001482579688658 0.03429101019462465
0 0.8954781319495922 0.060240963855421686 0.025203854707190512 0.042632066728452274
0 0.3647146034099333 0.2015755329008341 0.026686434395848776 0.03429101019462465
0 0.3917716827279466 0.10472659870250231 0.0452186805040771 0.08341056533827618
0 0.3380281690140845 0.019925857275254866 0.0385470719051149 0.03429101019462465
0 0.32987398072646407 0.10148285449490269 0.02223869532987398 0.025023169601482854
5 0.14492216456634543 0.19045412418906396 0.06597479614529281 0.14921223354958293
5 0.1156412157153447 0.2845227062094532 0.05337286879169755 0.16311399443929564
5 0.09340252038547071 0.3572752548656163 0.056338028169014086 0.14735866543095458
5 0.1078576723498888 0.4351251158480074 0.040770941438102296 0.11770157553290084
5 0.12305411415863603 0.40593141797961074 0.05485544848035582 0.09453197405004633
5 0.16567828020756115 0.42168674698795183 0.06300963676797627 0.10379981464318813
5 0.21052631578947367 0.4545875810936052 0.0681986656782802 0.07877664504170528
5 0.257227575982209 0.5217794253938832 0.10378057820607858 0.1056533827618165
5 0.156412157153447 0.5055607043558851 0.10229799851742032 0.12511584800741427
5 0.06263899184581172 0.4962928637627433 0.06300963676797627 0.1195551436515292
5 0.06263899184581172 0.29935125115848005 0.10896960711638251 0.5208526413345691
5 0.44217939214232765 0.7965708989805376 0.03039288361749444 0.04911955514365153
5 0.46553002223869533 0.8234476367006488 0.03558191252779837 0.037998146431881374
5 0.6790214974054856 0.8225208526413346 0.04595997034840623 0.056533827618164965
0 0.44180874722016306 0.7919369786839666 0.01927353595255745 0.03429101019462465
0 0.46404744255003705 0.8188137164040779 0.01630837657524092 0.025023169601482854
0 0.6734618235730171 0.8192771084337349 0.02742772424017791 0.022242817423540315
5 0.5118606375092661 0.23076923076923078 0.02446256486286138 0.027803521779425393
0 0.7171979243884359 0.2391102873030584 0.02742772424017791 0.04448563484708063
4 0.8624907338769459 0.5106580166821131 0.2601927353595256 0.9564411492122336
5 0.2954040029651594 0.8739573679332715 0.08524833209785027 0.20018535681186284
