2 0.4296875 0.8994140625 0.078125 0.181640625
2 0.2939453125 0.9501953125 0.130859375 0.095703125
2 0.359375 0.8193359375 0.06640625 0.056640625
2 0.1982421875 0.58984375 0.044921875 0.07421875
2 0.52734375 0.20703125 0.0859375 0.05078125
2 0.7177734375 0.2294921875 0.064453125 0.064453125
2 0.7197265625 0.6826171875 0.193359375 0.048828125
0 0.5341796875 0.2568359375 0.095703125 0.056640625
0 0.0283203125 0.47265625 0.056640625 0.0625
0 0.8740234375 0.3017578125 0.244140625 0.181640625
4 0.7099609375 0.845703125 0.466796875 0.3046875
1 0.0546875 0.7216796875 0.10546875 0.228515625
1 0.7939453125 0.5283203125 0.357421875 0.220703125
