0 0.5014825796886583 0.8818350324374421 0.08524833209785027 0.10843373493975904
0 0.3613787991104522 0.9763670064874884 0.04373610081541883 0.03985171455050973
0 0.48665678280207564 0.08804448563484708 0.07190511489992588 0.05931417979610751
0 0.5374351371386212 0.2099165894346617 0.03558191252779837 0.03614457831325301
0 0.6378799110452187 0.09406858202038924 0.05707931801334322 0.09360518999073215
0 0.7286879169755375 0.24003707136237257 0.025203854707190512 0.03151065801668211
0 0.8243143068939955 0.09916589434661724 0.031134173461823574 0.03151065801668211
0 0.7916975537435137 0.09314179796107507 0.02223869532987398 0.03985171455050973
0 0.9240177909562639 0.1932344763670065 0.03039288361749444 0.03614457831325301
0 0.9440326167531505 0.39295644114921224 0.022979985174203115 0.04077849860982391
0 0.9221645663454411 0.41890639481000924 0.020756115641215715 0.024096385542168676
0 0.9221645663454411 0.5245597775718258 0.017790956263899184 0.025949953660797033
0 0.07746478873239436 0.4916589434661724 0.028910303928836176 0.03985171455050973
0 0.08895478131949593 0.42771084337349397 0.02223869532987398 0.03429101019462465
0 0.114529280948851 0.42539388322520855 0.039288361749444035 0.07599629286376275
0 0.15233506300963676 0.2432808155699722 0.04966641957005189 0.07877664504170528
0 0.40919199406968126 0.12140871177015755 0.0385470719051149 0.05560704355885079
0 0.346182357301705 0.04170528266913809 0.03261675315048184 0.06672845227062095
0 0.4221645663454411 0.0639481000926784 0.02742772424017791 0.04633920296570899
0 0.37509266123054114 0.08433734939759036 0.025203854707190512 0.04633920296570899
0 0.31319495922905854 0.10843373493975904 0.0363232023721275 0.05375347544022243
0 0.26241660489251295 0.08433734939759036 0.029651593773165306 0.04633920296570899
0 0.21423276501111935 0.056533827618164965 0.028169014084507043 0.04819277108433735
0 0.30911786508524836 0.05885078776645042 0.025203854707190512 0.03985171455050973
0 0.5541141586360266 0.06719184430027804 0.03039288361749444 0.03985171455050973
0 0.48517420311341736 0.19462465245597776 0.02446256486286138 0.042632066728452274
0 0.5044477390659748 0.1876737720111214 0.021497405485544848 0.04911955514365153
0 0.4369903632320237 0.2117701575532901 0.033358042994810974 0.04355885078776645
0 0.17828020756115642 0.6876737720111215 0.02742772424017791 0.03521779425393883
0 0.19014084507042253 0.731696014828545 0.034840622683469234 0.03429101019462465
0 0.27724240177909565 0.5973123262279889 0.0385470719051149 0.03429101019462465
0 0.30096367679762787 0.6468952734012975 0.0385470719051149 0.07043558850787766
0 0.30207561156412155 0.37859128822984245 0.02742772424017791 0.03614457831325301
1 0.27909562638991847 0.6195551436515292 0.1816160118606375 0.24374420759962928
5 0.11749444032616753 0.31000926784059313 0.028910303928836176 0.03243744207599629
5 0.14343958487768718 0.3035217794253939 0.022979985174203115 0.03429101019462465
5 0.17346182357301704 0.2974976830398517 0.037064492216456635 0.042632066728452274
5 0.2127501853224611 0.3030583873957368 0.0385470719051149 0.042632066728452274
5 0.2713120830244626 0.30213160333642264 0.072646404744255 0.051899907321594066
5 0.3469236471460341 0.29147358665430956 0.06523350630096368 0.06580166821130677
5 0.4336545589325426 0.4221501390176089 0.07857672349888807 0.06950880444856349
5 0.5170496664195701 0.4402224281742354 0.08524833209785027 0.10194624652455977
5 0.3398813936249073 0.4138090824837813 0.025945144551519646 0.03429101019462465
5 0.3710155670867309 0.4128822984244671 0.033358042994810974 0.028730305838739572
5 0.16864343958487768 0.49258572752548657 0.08228317272053373 0.06209453197405004
5 0.23758339510748702 0.4726598702502317 0.04670126019273536 0.05004633920296571
5 0.21793921423276502 0.5097312326227988 0.020756115641215715 0.027803521779425393
5 0.11934766493699037 0.5556070435588508 0.0681986656782802 0.05282669138090825
5 0.16864343958487768 0.5597775718257646 0.02742772424017791 0.05560704355885079
5 0.05114899925871016 0.5653382761816497 0.05930318754633061 0.05004633920296571
5 0.24091919940696813 0.540778498609824 0.020756115641215715 0.023169601482854494
5 0.011860637509266123 0.5704355885078777 0.02223869532987398 0.03614457831325301
5 0.14603409933283915 0.10518999073215941 0.056338028169014086 0.05282669138090825
5 0.19570051890289103 0.10426320667284522 0.017790956263899184 0.05468025949953661
5 0.259822090437361 0.1607970342910102 0.02742772424017791 0.03429101019462465
5 0.09785025945144551 0.10426320667284522 0.037064492216456635 0.05468025949953661
5 0.07524091919940697 0.14782205746061167 0.02742772424017791 0.03243744207599629
5 0.031134173461823574 0.20945319740500462 0.025203854707190512 0.04819277108433735
5 0.018902891030392884 0.2548656163113994 0.033358042994810974 0.0778498609823911
5 0.009266123054114159 0.33781278962001854 0.014084507042253521 0.06209453197405004
5 0.5648628613787992 0.4759036144578313 0.025203854707190512 0.03429101019462465
5 0.5911786508524833 0.49443929564411493 0.033358042994810974 0.04541241890639481
