0 0.6523350630096367 0.3901760889712697 0.05930318754633061 0.14272474513438368
0 0.7075611564121571 0.4633920296570899 0.0452186805040771 0.10379981464318813
0 0.5952557449962935 0.4717330861909175 0.05189028910303929 0.07228915662650602
0 0.44885100074128986 0.5125115848007414 0.048183839881393624 0.09453197405004633
0 0.6875463306152706 0.5973123262279889 0.02742772424017791 0.030583873957367932
0 0.7038547071905115 0.6552363299351252 0.040770941438102296 0.05375347544022243
0 0.6593773165307635 0.6645041705282669 0.028910303928836176 0.03521779425393883
0 0.6245366938472943 0.669601482854495 0.025945144551519646 0.030583873957367932
0 0.49962935507783546 0.7460611677479148 0.020756115641215715 0.018535681186283594
0 0.5404002965159377 0.7715477293790547 0.03558191252779837 0.060240963855421686
0 0.5856189770200149 0.7358665430954587 0.06671608598962195 0.07414272474513438
0 0.5011119347664937 0.48053753475440225 0.04002965159377316 0.037998146431881374
0 0.5741289844329133 0.3850787766450417 0.025945144551519646 0.028730305838739572
0 0.5733876945885842 0.2581093605189991 0.03039288361749444 0.03243744207599629
0 0.8139362490733877 0.15523632993512512 0.03261675315048184 0.028730305838739572
0 0.7976278724981468 0.2242817423540315 0.02223869532987398 0.04448563484708063
0 0.6378799110452187 0.9860982391102873 0.060044477390659746 0.024096385542168676
0 0.6779095626389918 0.9624652455977757 0.02742772424017791 0.03614457831325301
0 0.8895478131949592 0.4893419833178869 0.01630837657524092 0.020389249304911955
0 0.631578947368421 0.6232622798887859 0.031134173461823574 0.030583873957367932
0 0.6371386212008896 0.5829471733086191 0.018532246108228317 0.022242817423540315
0 0.6653076352853966 0.6116774791473587 0.014084507042253521 0.022242817423540315
0 0.4351371386212009 0.6464318813716404 0.020756115641215715 0.025023169601482854
1 0.08598962194217939 0.48517145505097314 0.17049666419570053 0.531047265987025
5 0.2939214232765011 0.40732159406858204 0.03039288361749444 0.03243744207599629
5 0.2134914751667902 0.5560704355885079 0.023721275018532245 0.020389249304911955
5 0.1927353595255745 0.5987025023169601 0.014825796886582653 0.022242817423540315
5 0.26908821349147516 0.6645041705282669 0.01630837657524092 0.024096385542168676
5 0.24314306893995552 0.6000926784059314 0.01630837657524092 0.015755329008341055
5 0.3217197924388436 0.726598702502317 0.02223869532987398 0.027803521779425393
5 0.18791697553743514 0.9573679332715477 0.02446256486286138 0.029657089898053754
5 0.9873980726464048 0.37395736793327156 0.01630837657524092 0.03429101019462465
5 0.5670867309117865 0.34754402224281744 0.020756115641215715 0.029657089898053754
5 0.544477390659748 0.26135310472659873 0.014084507042253521 0.025949953660797033
5 0.32468495181616014 0.2432808155699722 0.020756115641215715 0.030583873957367932
5 0.0340993328391401 0.4272474513438369 0.01927353595255745 0.024096385542168676
5 0.07412898443291327 0.42168674698795183 0.01927353595255745 0.022242817423540315
5 0.009266123054114159 0.45505097312326226 0.014084507042253521 0.024096385542168676
5 0.08080059303187546 0.6899907321594069 0.01927353595255745 0.030583873957367932
5 0.04373610081541883 0.6765523632993512 0.01630837657524092 0.027803521779425393
5 0.0793180133432172 0.3206672845227062 0.01630837657524092 0.024096385542168676
5 0.1412157153446998 0.2873030583873957 0.021497405485544848 0.025949953660797033
5 0.1882876204595997 0.33086190917516217 0.02223869532987398 0.024096385542168676
5 0.02742772424017791 0.22984244670991658 0.01927353595255745 0.027803521779425393
5 0.28502594514455154 0.030583873957367932 0.022979985174203115 0.027803521779425393
5 0.469236471460341 0.08758109360519 0.020756115641215715 0.03429101019462465
5 0.22312824314306895 0.029657089898053754 0.020756115641215715 0.029657089898053754
5 0.7238695329873981 0.12604263206672844 0.02001482579688658 0.022242817423540315
5 0.3194959229058562 0.8086190917516218 0.0340993328391401 0.037998146431881374
5 0.36397331356560414 0.7428174235403151 0.02223869532987398 0.03243744207599629
5 0.9851742031134173 0.7650602409638554 0.023721275018532245 0.03614457831325301
0 0.6482579688658265 0.8294717330861909 0.022979985174203115 0.03151065801668211
0 0.6056338028169014 0.8619091751621872 0.020756115641215715 0.024096385542168676
0 0.7524091919940696 0.8795180722891566 0.017790956263899184 0.024096385542168676
0 0.4225352112676056 0.8137164040778498 0.023721275018532245 0.024096385542168676
5 0.21645663454410674 0.6051899907321594 0.017790956263899184 0.022242817423540315
5 0.22942920681986656 0.6265060240963856 0.01704966641957005 0.020389249304911955
5 0.25277983691623424 0.6367006487488415 0.01630837657524092 0.024096385542168676
5 0.18383988139362492 0.6376274328081557 0.01630837657524092 0.022242817423540315
0 0.5437361008154188 0.6311399443929564 0.015567086730911787 0.022242817423540315
0 0.5500370644922165 0.5732159406858202 0.03558191252779837 0.05838739573679333
