4 0.505859375 0.3623046875 0.9296875 0.697265625
5 0.71875 0.68359375 0.25390625 0.25
5 0.5986328125 0.7802734375 0.150390625 0.193359375
5 0.880859375 0.4736328125 0.20703125 0.310546875
5 0.5517578125 0.3671875 0.365234375 0.1875
5 0.7021484375 0.17578125 0.166015625 0.2734375
6 0.3515625 0.705078125 0.42578125 0.55859375
0 0.6123046875 0.8642578125 0.052734375 0.044921875
0 0.716796875 0.7705078125 0.0703125 0.056640625
0 0.2451171875 0.1044921875 0.029296875 0.052734375
0 0.3505859375 0.134765625 0.037109375 0.04296875
0 0.353515625 0.08984375 0.04296875 0.04296875
0 0.296875 0.267578125 0.02734375 0.04296875
0 0.4189453125 0.3779296875 0.083984375 0.087890625
0 0.517578125 0.388671875 0.05859375 0.04296875
0 0.8486328125 0.08203125 0.044921875 0.0546875
0 0.904296875 0.072265625 0.02734375 0.046875
0 0.8349609375 0.1982421875 0.033203125 0.044921875
0 0.865234375 0.248046875 0.01953125 0.05078125
0 0.91015625 0.3583984375 0.03515625 0.052734375
0 0.8984375 0.388671875 0.04296875 0.05078125
0 0.56640625 0.1318359375 0.05078125 0.041015625
0 0.509765625 0.138671875 0.0390625 0.046875
1 0.8330078125 0.8173828125 0.205078125 0.181640625
0 0.8544921875 0.80859375 0.107421875 0.13671875
