5 0.6352853965900667 0.6533827618164968 0.0385470719051149 0.057460611677479144
5 0.4225352112676056 0.5055607043558851 0.050407709414381024 0.08804448563484708
5 0.4177168272794663 0.593141797961075 0.04966641957005189 0.05931417979610751
5 0.4295774647887324 0.6427247451343837 0.025945144551519646 0.03243744207599629
5 0.3710155670867309 0.5509731232622799 0.04670126019273536 0.082483781278962
0 0.10415122312824314 0.10426320667284522 0.033358042994810974 0.03429101019462465
0 0.1223128243143069 0.07877664504170528 0.01927353595255745 0.027803521779425393
0 0.08450704225352113 0.0871177015755329 0.017790956263899184 0.024096385542168676
0 0.12527798369162343 0.12928637627432807 0.014825796886582653 0.019462465245597776
0 0.14455151964418086 0.15060240963855423 0.023721275018532245 0.026876737720111215
0 0.13046701260192736 0.1603336422613531 0.01630837657524092 0.025949953660797033
0 0.13306152705707933 0.24467099165894346 0.02742772424017791 0.025949953660797033
0 0.12750185322461083 0.49258572752548657 0.0385470719051149 0.026876737720111215
0 0.3543365455893254 0.42075996292863765 0.01630837657524092 0.020389249304911955
0 0.3558191252779837 0.48424467099165897 0.03558191252779837 0.037998146431881374
0 0.3873239436619718 0.4865616311399444 0.014084507042253521 0.029657089898053754
0 0.42438843587842845 0.5060240963855421 0.02742772424017791 0.024096385542168676
0 0.41994069681245366 0.5838739573679332 0.028910303928836176 0.024096385542168676
0 0.3791697553743514 0.5440222428174235 0.033358042994810974 0.051899907321594066
0 0.3380281690140845 0.535681186283596 0.01630837657524092 0.03151065801668211
0 0.6375092661230541 0.6524559777571826 0.01927353595255745 0.03151065801668211
0 0.393995552260934 0.943466172381835 0.028910303928836176 0.07043558850787766
0 0.3413639733135656 0.9462465245597775 0.025945144551519646 0.04077849860982391
0 0.3491475166790215 0.9138090824837812 0.01927353595255745 0.027803521779425393
0 0.3539659006671609 0.8600556070435589 0.028910303928836176 0.04819277108433735
0 0.3206078576723499 0.8188137164040779 0.03187546330615271 0.037998146431881374
0 0.30911786508524836 0.8818350324374421 0.06375092661230541 0.08063021316033364
0 0.26575240919199405 0.79935125115848 0.02001482579688658 0.03243744207599629
0 0.24091919940696813 0.8359592215013901 0.0340993328391401 0.04819277108433735
0 0.3046701260192735 0.9360518999073216 0.0385470719051149 0.03707136237256719
0 0.29058561897702 0.011584800741427247 0.026686434395848776 0.021316033364226137
0 0.08710155670867309 0.5041705282669138 0.025945144551519646 0.025949953660797033
5 0.27724240177909565 0.9545875810936052 0.01630837657524092 0.027803521779425393
5 0.31653076352853965 0.9731232622798888 0.017790956263899184 0.025949953660797033
5 0.8565604151223128 0.8030583873957368 0.021497405485544848 0.03243744207599629
5 0.9844329132690882 0.7381835032437442 0.025203854707190512 0.04170528266913809
5 0.6234247590808006 0.6997219647822057 0.026686434395848776 0.03521779425393883
5 0.4625648628613788 0.8637627432808156 0.023721275018532245 0.051899907321594066
5 0.4191994069681245 0.8563484708063022 0.021497405485544848 0.025949953660797033
