0 0.3984432913269088 0.12187210379981464 0.02742772424017791 0.037998146431881374
0 0.363232023721275 0.12140871177015755 0.017790956263899184 0.024096385542168676
0 0.3669384729429207 0.2057460611677479 0.025203854707190512 0.027803521779425393
0 0.36767976278724984 0.020389249304911955 0.050407709414381024 0.04077849860982391
0 0.22312824314306895 0.11121408711770157 0.05337286879169755 0.03521779425393883
0 0.18309859154929578 0.12140871177015755 0.017790956263899184 0.024096385542168676
0 0.1363973313565604 0.03892493049119555 0.017790956263899184 0.03151065801668211
0 0.12083024462564863 0.07275254865616311 0.01630837657524092 0.03243744207599629
0 0.14529280948851 0.9448563484708064 0.11267605633802817 0.10658016682113068
0 0.2412898443291327 0.9870250231696015 0.028910303928836176 0.022242817423540315
0 0.6426982950333581 0.484708063021316 0.023721275018532245 0.029657089898053754
0 0.6460340993328392 0.020389249304911955 0.02446256486286138 0.024096385542168676
0 0.6378799110452187 0.04494902687673772 0.03039288361749444 0.03243744207599629
0 0.6426982950333581 0.08202038924930491 0.026686434395848776 0.026876737720111215
0 0.6241660489251297 0.1283595922150139 0.01927353595255745 0.017608897126969416
0 0.6297257227575982 0.18443002780352177 0.03039288361749444 0.04633920296570899
0 0.18235730170496664 0.47451343836886006 0.05485544848035582 0.04633920296570899
0 0.23535952557449963 0.3387395736793327 0.025945144551519646 0.03985171455050973
0 0.28910303928836173 0.1696014828544949 0.020756115641215715 0.024096385542168676
0 0.2079318013343217 0.34291010194624655 0.028910303928836176 0.12048192771084337
1 0.08710155670867309 0.49814643188137164 0.17420311341734618 0.6496756255792401
5 0.22498146775389177 0.21779425393883226 0.04670126019273536 0.14087117701575533
5 0.24240177909562638 0.35959221501390176 0.05337286879169755 0.11121408711770157
5 0.3061527057079318 0.4267840593141798 0.04151223128243143 0.060240963855421686
5 0.11527057079318014 0.3586654309545876 0.08524833209785027 0.16126042632066728
5 0.5126019273535952 0.09314179796107507 0.021497405485544848 0.025023169601482854
5 0.41660489251297256 0.037998146431881374 0.01630837657524092 0.025949953660797033
5 0.4681245366938473 0.024559777571825765 0.034840622683469234 0.03985171455050973
5 0.5311341734618236 0.32344763670064874 0.022979985174203115 0.033364226135310475
5 0.6060044477390659 0.36051899907321594 0.02742772424017791 0.03151065801668211
0 0.396590066716086 0.5157553290083411 0.072646404744255 0.0732159406858202
0 0.27798369162342473 0.3897126969416126 0.017790956263899184 0.07506950880444857
4 0.8654558932542624 0.4976830398517145 0.2601927353595256 0.9935125115848007
