0 0.2609340252038547 0.4902687673772011 0.05189028910303929 0.029657089898053754
0 0.2112676056338028 0.4522706209453197 0.02223869532987398 0.018535681186283594
0 0.027057079318013343 0.7358665430954587 0.02446256486286138 0.06302131603336422
0 0.12008895478131949 0.5759962928637627 0.0340993328391401 0.060240963855421686
0 0.16382505559673832 0.7377201112140871 0.020756115641215715 0.029657089898053754
5 0.550407709414381 0.9119555143651529 0.034840622683469234 0.04077849860982391
5 0.4933283914010378 0.5278035217794254 0.02446256486286138 0.03243744207599629
5 0.7498146775389177 0.6645041705282669 0.025945144551519646 0.03151065801668211
5 0.9280948851000741 0.8373493975903614 0.025203854707190512 0.03614457831325301
5 0.5574499629355077 0.019462465245597776 0.050407709414381024 0.029657089898053754
5 0.4588584136397331 0.017608897126969416 0.04151223128243143 0.025949953660797033
5 0.058191252779836916 0.1872103799814643 0.022979985174203115 0.024096385542168676
5 0.21423276501111935 0.48517145505097314 0.0385470719051149 0.03243744207599629
5 0.12268346923647146 0.5787766450417052 0.03187546330615271 0.05468025949953661
5 0.4295774647887324 0.772937905468026 0.061527057079318014 0.07228915662650602
5 0.23498888065233506 0.7386468952734013 0.025203854707190512 0.027803521779425393
5 0.293180133432172 0.5769230769230769 0.03187546330615271 0.03429101019462465
5 0.32134914751667903 0.9805375347544022 0.04373610081541883 0.024096385542168676
4 0.17272053372868792 0.7437442075996293 0.32765011119347665 0.4772937905468026
4 0.16011860637509265 0.06626506024096386 0.3202372127501853 0.13067655236329936
1 0.7757598220904374 0.8526413345690455 0.2379540400296516 0.2669138090824838
