2 0.5185546875 0.2900390625 0.326171875 0.123046875
2 0.294921875 0.3935546875 0.13671875 0.083984375
2 0.7626953125 0.0478515625 0.056640625 0.044921875
2 0.8701171875 0.05859375 0.087890625 0.08203125
2 0.732421875 0.10546875 0.05859375 0.04296875
5 0.767578125 0.794921875 0.09765625 0.12109375
5 0.96875 0.3896484375 0.05859375 0.103515625
5 0.9111328125 0.38671875 0.044921875 0.04296875
5 0.8447265625 0.4365234375 0.033203125 0.044921875
5 0.8251953125 0.4853515625 0.029296875 0.041015625
5 0.728515625 0.5576171875 0.05078125 0.033203125
5 0.458984375 0.82421875 0.0390625 0.04296875
5 0.1181640625 0.7978515625 0.037109375 0.060546875
5 0.0849609375 0.552734375 0.072265625 0.05859375
5 0.1494140625 0.572265625 0.025390625 0.05078125
5 0.1845703125 0.58984375 0.029296875 0.04296875
5 0.232421875 0.5029296875 0.02734375 0.041015625
0 0.2568359375 0.984375 0.044921875 0.0234375
0 0.013671875 0.8359375 0.02734375 0.046875
2 0.2001953125 0.3681640625 0.037109375 0.048828125
4 0.4892578125 0.375 0.408203125 0.23046875
