0 0.25833951074870276 0.43373493975903615 0.033358042994810974 0.05004633920296571
0 0.4217939214232765 0.22520852641334568 0.0385470719051149 0.042632066728452274
0 0.4392142327650111 0.10009267840593142 0.028910303928836176 0.0871177015755329
0 0.385470719051149 0.033827618164967564 0.020756115641215715 0.037998146431881374
0 0.3558191252779837 0.1417979610750695 0.01630837657524092 0.024096385542168676
0 0.323943661971831 0.25393883225208524 0.01927353595255745 0.03151065801668211
0 0.19718309859154928 0.2822057460611678 0.020756115641215715 0.025023169601482854
0 0.229058561897702 0.29518072289156627 0.01927353595255745 0.026876737720111215
1 0.6986656782802075 0.8415199258572753 0.33580429948109713 0.3132530120481928
1 0.3395107487027428 0.9105653382761817 0.3825055596738325 0.17516218721038
2 0.020385470719051148 0.9457831325301205 0.040770941438102296 0.08433734939759036
4 0.24314306893995552 0.41102873030583875 0.48480355819125276 0.8164967562557924
