4 0.6357421875 0.4169921875 0.634765625 0.587890625
2 0.625 0.7275390625 0.0859375 0.291015625
2 0.0732421875 0.685546875 0.064453125 0.0390625
2 0.0439453125 0.73828125 0.033203125 0.08203125
2 0.08203125 0.4228515625 0.12109375 0.041015625
2 0.0791015625 0.240234375 0.033203125 0.0546875
2 0.185546875 0.9755859375 0.046875 0.041015625
2 0.3662109375 0.890625 0.033203125 0.046875
0 0.9775390625 0.791015625 0.037109375 0.0859375
0 0.0390625 0.7421875 0.02734375 0.0703125
0 0.0791015625 0.689453125 0.033203125 0.04296875
