5 0.3602668643439585 0.49351251158480075 0.07412898443291327 0.08804448563484708
5 0.3524833209785026 0.5468025949953661 0.039288361749444035 0.04633920296570899
5 0.015937731653076354 0.3943466172381835 0.02742772424017791 0.05838739573679333
5 0.030022238695329873 0.4620018535681186 0.03039288361749444 0.03429101019462465
5 0.16864343958487768 0.6501390176088971 0.02446256486286138 0.03243744207599629
5 0.42438843587842845 0.794253938832252 0.03039288361749444 0.03892493049119555
5 0.4514455151964418 0.8266913809082483 0.020756115641215715 0.05004633920296571
5 0.5985915492957746 0.1974050046339203 0.0452186805040771 0.051899907321594066
0 0.6601186063750927 0.6543095458758109 0.02742772424017791 0.04448563484708063
0 0.49481097108969607 0.3405931417979611 0.02742772424017791 0.025023169601482854
0 0.4762787249814677 0.3697868396663577 0.028910303928836176 0.033364226135310475
0 0.5670867309117865 0.340129749768304 0.020756115641215715 0.024096385542168676
0 0.586360266864344 0.31417979610750696 0.023721275018532245 0.04077849860982391
0 0.43773165307635287 0.023632993512511583 0.028910303928836176 0.04541241890639481
0 0.4892512972572276 0.0074142724745134385 0.025203854707190512 0.014828544949026877
0 0.8895478131949592 0.07599629286376275 0.028169014084507043 0.029657089898053754
0 0.8532246108228317 0.05560704355885079 0.026686434395848776 0.029657089898053754
0 0.9154929577464789 0.0963855421686747 0.01927353595255745 0.018535681186283594
0 0.8750926612305412 0.1603336422613531 0.02001482579688658 0.025949953660797033
0 0.80763528539659 0.1524559777571826 0.025945144551519646 0.030583873957367932
0 0.6742031134173462 0.12928637627432807 0.03187546330615271 0.019462465245597776
0 0.6115641215715345 0.14735866543095458 0.07412898443291327 0.020389249304911955
0 0.5533728687916976 0.16821130676552362 0.048183839881393624 0.030583873957367932
0 0.5300222386953298 0.20389249304911955 0.020756115641215715 0.027803521779425393
0 0.5626389918458117 0.19091751621872105 0.020756115641215715 0.025949953660797033
0 0.5800593031875463 0.2196478220574606 0.01704966641957005 0.024096385542168676
0 0.6071163825055597 0.19555143651529194 0.023721275018532245 0.04077849860982391
0 0.6289844329132691 0.1784059314179796 0.022979985174203115 0.030583873957367932
0 0.6182357301704967 0.3628359592215014 0.017790956263899184 0.015755329008341055
0 0.6189770200148258 0.38693234476367006 0.017790956263899184 0.025023169601482854
0 0.1178650852483321 0.05282669138090825 0.01927353595255745 0.024096385542168676
0 0.0848776871756857 0.08341056533827618 0.021497405485544848 0.024096385542168676
0 0.8243143068939955 0.5556070435588508 0.023721275018532245 0.03614457831325301
0 0.7835433654558932 0.5898980537534755 0.025203854707190512 0.03614457831325301
0 0.729058561897702 0.4582947173308619 0.048183839881393624 0.026876737720111215
0 0.7123795404002965 0.5347544022242817 0.01927353595255745 0.033364226135310475
0 0.7212750185322461 0.5759962928637627 0.017790956263899184 0.03243744207599629
0 0.7431430689399555 0.5597775718257646 0.025945144551519646 0.07228915662650602
0 0.795774647887324 0.7622798887859129 0.03039288361749444 0.07506950880444857
0 0.9425500370644923 0.6835032437442076 0.025945144551519646 0.030583873957367932
0 0.7687175685693106 0.36561631139944395 0.01927353595255745 0.013901760889712697
0 0.8450704225352113 0.3586654309545876 0.014825796886582653 0.024096385542168676
0 0.8495181616011861 0.38693234476367006 0.01630837657524092 0.025023169601482854
0 0.77353595255745 0.4258572752548656 0.028910303928836176 0.03429101019462465
0 0.45218680504077097 0.5810936051899908 0.013343217197924388 0.022242817423540315
0 0.535952557449963 0.47451343836886006 0.01927353595255745 0.022242817423540315
5 0.3446997776130467 0.5940685820203893 0.02223869532987398 0.024096385542168676
5 0.8372868791697554 0.48146431881371643 0.01704966641957005 0.023169601482854494
5 0.8250555967383247 0.556533827618165 0.01927353595255745 0.037998146431881374
1 0.17012601927353596 0.7641334569045413 0.33876945885841364 0.4643188137164041
