0 0.4080800593031875 0.0458758109360519 0.021497405485544848 0.03429101019462465
0 0.43106004447739066 0.0778498609823911 0.012601927353595256 0.04633920296570899
0 0.5163083765752409 0.0968489341983318 0.05114899925871016 0.08433734939759036
0 0.3917716827279466 0.15477293790546803 0.04670126019273536 0.05004633920296571
0 0.466641957005189 0.13253012048192772 0.025945144551519646 0.05004633920296571
0 0.4681245366938473 0.07182576459684893 0.028910303928836176 0.04170528266913809
5 0.519644180874722 0.11306765523632993 0.03558191252779837 0.04448563484708063
5 0.393995552260934 0.15848007414272475 0.0452186805040771 0.05004633920296571
5 0.43439584877687176 0.17377201112140872 0.03261675315048184 0.0639481000926784
5 0.4714603409933284 0.10843373493975904 0.04892512972572276 0.11121408711770157
1 0.7286879169755375 0.8855421686746988 0.38843587842846555 0.22520852641334568
1 0.46590066716085987 0.9263206672845227 0.13713862120088954 0.13623725671918444
