4 0.7753891771682728 0.48424467099165897 0.43439584877687176 0.9184430027803522
5 0.29021497405485547 0.14782205746061167 0.40548554484803556 0.2789620018535681
1 0.0737583395107487 0.4439295644114921 0.13713862120088954 0.3855421686746988
1 0.335063009636768 0.9105653382761817 0.2520385470719051 0.15477293790546803
0 0.8372868791697554 0.16589434661723818 0.0363232023721275 0.04819277108433735
0 0.7435137138621201 0.09221501390176089 0.01927353595255745 0.03429101019462465
0 0.7138621200889548 0.12650602409638553 0.031134173461823574 0.037998146431881374
0 0.742772424017791 0.1329935125115848 0.026686434395848776 0.03429101019462465
0 0.7405485544848036 0.1784059314179796 0.0385470719051149 0.060240963855421686
0 0.7257227575982209 0.2567191844300278 0.029651593773165306 0.04819277108433735
0 0.8050407709414381 0.2581093605189991 0.03558191252779837 0.047265987025023166
0 0.7798369162342476 0.31047265987025024 0.04002965159377316 0.04633920296570899
0 0.9058561897702001 0.2845227062094532 0.14084507042253522 0.07043558850787766
0 0.8921423276501111 0.386468952734013 0.039288361749444035 0.07228915662650602
0 0.8825055596738325 0.4439295644114921 0.022979985174203115 0.03521779425393883
0 0.8498888065233506 0.4810009267840593 0.028910303928836176 0.04819277108433735
5 0.7346182357301705 0.5963855421686747 0.04002965159377316 0.056533827618164965
5 0.6430689399555226 0.45644114921223355 0.028910303928836176 0.037998146431881374
0 0.9088213491475167 0.1190917516218721 0.0340993328391401 0.05468025949953661
0 0.8806523350630097 0.08897126969416126 0.01630837657524092 0.04448563484708063
0 0.8220904373610082 0.061167747914735865 0.0340993328391401 0.04077849860982391
0 0.8610081541882876 0.037998146431881374 0.02742772424017791 0.025949953660797033
