0 0.615234375 0.3818359375 0.1484375 0.103515625
0 0.5517578125 0.4716796875 0.072265625 0.056640625
0 0.634765625 0.4892578125 0.05859375 0.041015625
0 0.537109375 0.5224609375 0.05078125 0.037109375
0 0.47265625 0.53515625 0.03515625 0.04296875
0 0.5830078125 0.533203125 0.033203125 0.046875
0 0.048828125 0.2412109375 0.09765625 0.208984375
0 0.0439453125 0.5537109375 0.060546875 0.107421875
0 0.0146484375 0.6669921875 0.025390625 0.111328125
0 0.05078125 0.6708984375 0.04296875 0.115234375
0 0.08203125 0.6435546875 0.0390625 0.083984375
0 0.7841796875 0.0634765625 0.044921875 0.041015625
0 0.0712890625 0.076171875 0.056640625 0.03515625
0 0.1044921875 0.099609375 0.068359375 0.03515625
0 0.041015625 0.115234375 0.04296875 0.03125
3 0.67578125 0.865234375 0.64453125 0.26171875
3 0.783203125 0.650390625 0.42578125 0.1640625
