4 0.7260934025203855 0.6297497683039852 0.5300222386953298 0.7089898053753475
4 0.33246849518161603 0.12882298424467098 0.134173461823573 0.23725671918443003
1 0.09525574499629355 0.366079703429101 0.1697553743513714 0.7154772937905468
1 0.19310600444773907 0.8382761816496757 0.31504818383988137 0.2808155699721965
0 0.10859896219421794 0.6672845227062094 0.061527057079318014 0.12974976830398516
0 0.16679021497405486 0.6941612604263206 0.03558191252779837 0.06302131603336422
0 0.072646404744255 0.7506950880444856 0.0340993328391401 0.042632066728452274
0 0.15011119347664936 0.7974976830398517 0.10155670867309118 0.09545875810936053
0 0.15567086730911786 0.8419833178869324 0.01630837657524092 0.026876737720111215
0 0.18383988139362492 0.8938832252085264 0.026686434395848776 0.03614457831325301
0 0.09562638991845812 0.8623725671918443 0.04892512972572276 0.09916589434661724
0 0.13380281690140844 0.9165894346617238 0.02742772424017791 0.05004633920296571
0 0.13936249073387694 0.9481000926784059 0.03261675315048184 0.04077849860982391
5 0.25055596738324687 0.8438368860055607 0.01927353595255745 0.030583873957367932
0 0.7894736842105263 0.3577386468952734 0.023721275018532245 0.04819277108433735
0 0.6927353595255745 0.3220574606116775 0.021497405485544848 0.03614457831325301
0 0.42587101556708673 0.060240963855421686 0.02446256486286138 0.05004633920296571
0 0.32134914751667903 0.12650602409638553 0.03039288361749444 0.030583873957367932
5 0.42142327650111194 0.3215940685820204 0.04670126019273536 0.03707136237256719
0 0.405114899925871 0.2775718257645968 0.0363232023721275 0.07692307692307693
0 0.4892512972572276 0.417516218721038 0.042994810971089696 0.05097312326227989
0 0.44180874722016306 0.5176088971269694 0.01927353595255745 0.03243744207599629
0 0.6994069681245367 0.08155699721964782 0.02742772424017791 0.027803521779425393
4 0.7412898443291327 0.16728452270620944 0.48628613787991104 0.3123262279888786
4 0.3858413639733136 0.5037071362372567 0.03780578206078577 0.12882298424467098
4 0.4440326167531505 0.7196478220574606 0.08598962194217939 0.15848007414272475
