6 0.3828125 0.861328125 0.578125 0.26953125
2 0.0322265625 0.390625 0.056640625 0.09765625
2 0.126953125 0.2978515625 0.05859375 0.076171875
2 0.3408203125 0.1904296875 0.115234375 0.076171875
2 0.2158203125 0.19140625 0.091796875 0.12890625
2 0.1455078125 0.15625 0.048828125 0.05859375
2 0.9599609375 0.158203125 0.072265625 0.08203125
2 0.95703125 0.72265625 0.078125 0.078125
2 0.529296875 0.0166015625 0.0859375 0.033203125
2 0.7666015625 0.017578125 0.064453125 0.02734375
3 0.498046875 0.36328125 0.9921875 0.71484375
