4 0.3984432913269088 0.31278962001853566 0.7479614529280949 0.603336422613531
4 0.4318013343217198 0.15291936978683968 0.06449221645663454 0.0871177015755329
5 0.6571534469977761 0.7312326227988879 0.6679021497405485 0.5152919369786839
5 0.7783543365455893 0.8280815569972196 0.09785025945144551 0.09545875810936053
5 0.5329873980726464 0.7520852641334569 0.050407709414381024 0.04911955514365153
5 0.5681986656782803 0.7590361445783133 0.04373610081541883 0.05004633920296571
5 0.5559673832468495 0.8155699721964782 0.07116382505559674 0.06672845227062095
5 0.4766493699036323 0.932808155699722 0.0904373610081542 0.06209453197405004
5 0.8450704225352113 0.6533827618164968 0.12601927353595255 0.11306765523632993
5 0.9447739065974796 0.6417979610750695 0.08228317272053373 0.13994439295644115
5 0.9002965159377316 0.8049119555143651 0.1356560415122313 0.1936978683966636
0 0.8510007412898444 0.19230769230769232 0.028169014084507043 0.04911955514365153
