5 0.21868050407709413 0.5379981464318814 0.39436619718309857 0.6756255792400371
5 0.229058561897702 0.4309545875810936 0.06968124536693847 0.0685820203892493
1 0.7405485544848036 0.9059314179796107 0.3202372127501853 0.16589434661723818
0 0.11823573017049667 0.6144578313253012 0.022979985174203115 0.04819277108433735
0 0.10229799851742032 0.731696014828545 0.01630837657524092 0.03614457831325301
0 0.20014825796886582 0.47405004633920295 0.031134173461823574 0.05097312326227989
0 0.27020014825796884 0.4031510658016682 0.015567086730911787 0.022242817423540315
0 0.2883617494440326 0.42910101946246526 0.01927353595255745 0.027803521779425393
0 0.31801334321719793 0.44300278035217794 0.05337286879169755 0.03151065801668211
0 0.04262416604892513 0.36190917516218724 0.048183839881393624 0.05282669138090825
0 0.015937731653076354 0.41473586654309547 0.02446256486286138 0.03614457831325301
0 0.16048925129725722 0.2205746061167748 0.02001482579688658 0.024096385542168676
