1 0.8484062268346924 0.8095458758109361 0.22609340252038548 0.37349397590361444
5 0.3636026686434396 0.571825764596849 0.0452186805040771 0.0685820203892493
5 0.31690140845070425 0.6070435588507878 0.048183839881393624 0.07043558850787766
5 0.3598962194217939 0.6492122335495829 0.040770941438102296 0.05838739573679333
5 0.3313565604151223 0.5477293790546802 0.02223869532987398 0.03151065801668211
5 0.5500370644922165 0.741890639481001 0.0385470719051149 0.05097312326227989
5 0.3613787991104522 0.8901760889712697 0.02742772424017791 0.03985171455050973
5 0.16123054114158636 0.1422613531047266 0.034840622683469234 0.04170528266913809
5 0.39770200148257967 0.8989805375347544 0.022979985174203115 0.029657089898053754
5 0.2357301704966642 0.7099165894346617 0.017790956263899184 0.029657089898053754
5 0.251297257227576 0.7738646895273401 0.02223869532987398 0.022242817423540315
5 0.3710155670867309 0.6978683966635774 0.018532246108228317 0.029657089898053754
5 0.4966641957005189 0.561631139944393 0.017790956263899184 0.024096385542168676
0 0.30133432171979246 0.4856348470806302 0.025945144551519646 0.027803521779425393
0 0.30096367679762787 0.5384615384615384 0.0385470719051149 0.042632066728452274
0 0.27687175685693105 0.9026876737720111 0.08673091178650852 0.16311399443929564
0 0.19755374351371385 0.8595922150139017 0.03039288361749444 0.03614457831325301
0 0.20867309117865085 0.7530120481927711 0.02742772424017791 0.03985171455050973
0 0.17234988880652335 0.7428174235403151 0.015567086730911787 0.019462465245597776
0 0.3621200889547813 0.8878591288229842 0.012601927353595256 0.027803521779425393
0 0.36953298739807267 0.5759962928637627 0.021497405485544848 0.023169601482854494
0 0.363232023721275 0.644114921223355 0.017790956263899184 0.020389249304911955
0 0.3254262416604892 0.5912882298424467 0.01630837657524092 0.025949953660797033
0 0.3146775389177168 0.6172381835032438 0.01111934766493699 0.022242817423540315
0 0.055967383246849516 0.1464318813716404 0.01704966641957005 0.03892493049119555
0 0.10155670867309118 0.1936978683966636 0.03558191252779837 0.04819277108433735
0 0.11304670126019274 0.2391102873030584 0.05114899925871016 0.03892493049119555
0 0.1056338028169014 0.3215940685820204 0.02446256486286138 0.025949953660797033
5 0.20756115641215717 0.7539388322520852 0.02223869532987398 0.037998146431881374
5 0.17086730911786507 0.7414272474513438 0.015567086730911787 0.024096385542168676
5 0.19681245366938474 0.8586654309545876 0.025945144551519646 0.03429101019462465
5 0.33728687916975536 0.9721964782205746 0.026686434395848776 0.051899907321594066
5 0.28317272053372866 0.6019462465245597 0.01630837657524092 0.028730305838739572
5 0.12008895478131949 0.123725671918443 0.031134173461823574 0.060240963855421686
5 0.1363973313565604 0.18072289156626506 0.023721275018532245 0.03892493049119555
0 0.04707190511489993 0.2822057460611678 0.022979985174203115 0.05282669138090825
5 0.060044477390659746 0.31417979610750696 0.01630837657524092 0.027803521779425393
5 0.08636026686434396 0.29842446709916587 0.014084507042253521 0.024096385542168676
5 0.13936249073387694 0.3063021316033364 0.017790956263899184 0.03985171455050973
5 0.24499629355077834 0.5454124189063948 0.025945144551519646 0.03614457831325301
