5 0.17753891771682728 0.9309545875810936 0.1223128243143069 0.13067655236329936
5 0.3217197924388436 0.3586654309545876 0.02223869532987398 0.04077849860982391
5 0.34507042253521125 0.3697868396663577 0.014084507042253521 0.025949953660797033
5 0.2149740548554485 0.5949953660797034 0.011860637509266123 0.033364226135310475
5 0.2335063009636768 0.5940685820203893 0.013343217197924388 0.03521779425393883
0 0.09933283914010378 0.12140871177015755 0.04595997034840623 0.05560704355885079
0 0.2005189028910304 0.40593141797961074 0.03039288361749444 0.04633920296570899
0 0.18421052631578946 0.5491195551436515 0.02742772424017791 0.07877664504170528
0 0.24240177909562638 0.603336422613531 0.011860637509266123 0.03892493049119555
0 0.24573758339510748 0.3744207599629286 0.014084507042253521 0.024096385542168676
0 0.2698295033358043 0.3716404077849861 0.020756115641215715 0.025949953660797033
0 0.38472942920681985 0.2761816496756256 0.025203854707190512 0.03151065801668211
0 0.301704966641957 0.3303985171455051 0.014825796886582653 0.019462465245597776
0 0.21423276501111935 0.9119555143651529 0.01630837657524092 0.020389249304911955
0 0.18458117123795403 0.9341983317886933 0.017790956263899184 0.016682113067655237
0 0.14936990363232025 0.9884151992585728 0.02446256486286138 0.015755329008341055
0 0.14047442550037065 0.9490268767377201 0.022979985174203115 0.022242817423540315
0 0.15826538176426982 0.8934198331788693 0.03187546330615271 0.024096385542168676
0 0.13120830244625648 0.9300278035217794 0.020756115641215715 0.025023169601482854
1 0.6660489251297257 0.803985171455051 0.5789473684210527 0.38461538461538464
4 0.24240177909562638 0.3517145505097312 0.48332097850259453 0.7015755329008341
