2 0.913968547641073 0.3409653465346535 0.16096207215541167 0.36757425742574257
2 0.05319148936170213 0.5266089108910891 0.10638297872340426 0.33292079207920794
2 0.15124884366327473 0.04950495049504951 0.1211840888066605 0.09900990099009901
0 0.10129509713228492 0.17388613861386137 0.06938020351526364 0.07301980198019802
0 0.27890841813135986 0.08106435643564357 0.0730804810360777 0.07054455445544554
0 0.7927844588344126 0.0327970297029703 0.05920444033302498 0.06064356435643564
2 0.41766882516188714 0.06930693069306931 0.3894542090656799 0.12871287128712872
4 0.5453283996299723 0.6231435643564357 0.8649398704902868 0.7314356435643564
2 0.4976873265494912 0.4975247524752475 0.9916743755781684 0.9925742574257426
6 0.8098982423681776 0.07673267326732673 0.3691026827012026 0.1485148514851485
6 0.11378353376503238 0.14913366336633663 0.2183163737280296 0.28589108910891087
6 0.42506938020351526 0.06992574257425743 0.4005550416281221 0.1373762376237624
6 0.0545790934320074 0.5241336633663366 0.10545790934320073 0.327970297029703
6 0.9130434782608695 0.3415841584158416 0.16096207215541167 0.36386138613861385
