0 0.39436619718309857 0.21269694161260427 0.02223869532987398 0.021316033364226137
0 0.39288361749444034 0.23354958294717332 0.03261675315048184 0.020389249304911955
0 0.4329132690882135 0.6112140871177015 0.01630837657524092 0.05468025949953661
0 0.40696812453669384 0.6024096385542169 0.01630837657524092 0.020389249304911955
0 0.4195700518902891 0.5940685820203893 0.020756115641215715 0.027803521779425393
0 0.44662713120830244 0.5987025023169601 0.01704966641957005 0.022242817423540315
0 0.40882134914751667 0.6232622798887859 0.018532246108228317 0.017608897126969416
0 0.36434395848776874 0.5820203892493049 0.04966641957005189 0.04819277108433735
0 0.3361749444032617 0.5278035217794254 0.03187546330615271 0.03614457831325301
0 0.47071905114899926 0.44207599629286376 0.04002965159377316 0.05004633920296571
0 0.32283172720533726 0.30444856348470806 0.02446256486286138 0.028730305838739572
0 0.2954040029651594 0.19184430027803523 0.021497405485544848 0.024096385542168676
0 0.33320978502594517 0.2196478220574606 0.02001482579688658 0.020389249304911955
0 0.36397331356560414 0.16357738646895273 0.02223869532987398 0.028730305838739572
0 0.20459599703484063 0.21408711770157554 0.02223869532987398 0.04077849860982391
0 0.16938472942920682 0.26413345690454126 0.03187546330615271 0.03151065801668211
0 0.1467753891771683 0.22242817423540315 0.01630837657524092 0.022242817423540315
0 0.11193476649369903 0.2581093605189991 0.023721275018532245 0.019462465245597776
0 0.10340993328391401 0.31742354031510656 0.015567086730911787 0.017608897126969416
0 0.09229058561897702 0.3030583873957368 0.025945144551519646 0.022242817423540315
0 0.016679021497405487 0.34615384615384615 0.03187546330615271 0.03614457831325301
0 0.015937731653076354 0.6320667284522706 0.02446256486286138 0.07599629286376275
0 0.05189028910303929 0.6524559777571826 0.02223869532987398 0.024096385542168676
0 0.04002965159377316 0.7136237256719185 0.042994810971089696 0.042632066728452274
0 0.23054114158636027 0.9402224281742354 0.01630837657524092 0.028730305838739572
0 0.15715344699777614 0.1705282669138091 0.020756115641215715 0.025949953660797033
0 0.1893995552260934 0.13253012048192772 0.021497405485544848 0.025949953660797033
0 0.24833209785025945 0.07599629286376275 0.01927353595255745 0.025949953660797033
1 0.9729429206819866 0.6927710843373494 0.05114899925871016 0.3382761816496756
2 0.15678280207561157 0.04911955514365153 0.1430689399555226 0.09267840593141798
2 0.08191252779836916 0.11121408711770157 0.10748702742772424 0.04448563484708063
2 0.04966641957005189 0.19555143651529194 0.09488510007412898 0.12048192771084337
2 0.014084507042253521 0.2798887859128823 0.028169014084507043 0.04819277108433735
5 0.3065233506300964 0.2196478220574606 0.10452186805040771 0.08897126969416126
5 0.3005930318754633 0.15523632993512512 0.04966641957005189 0.03985171455050973
5 0.3361749444032617 0.1515291936978684 0.025945144551519646 0.04355885078776645
5 0.3602668643439585 0.16265060240963855 0.02223869532987398 0.03429101019462465
5 0.259822090437361 0.15477293790546803 0.02742772424017791 0.025949953660797033
5 0.22720533728687917 0.17145505097312327 0.022979985174203115 0.03151065801668211
5 0.251297257227576 0.1978683966635774 0.025203854707190512 0.03243744207599629
5 0.20014825796886582 0.21686746987951808 0.05782060785767235 0.05931417979610751
5 0.15233506300963676 0.24189063948100092 0.02446256486286138 0.027803521779425393
5 0.03261675315048184 0.4101019462465246 0.02223869532987398 0.03429101019462465
5 0.13454410674573758 0.4031510658016682 0.021497405485544848 0.020389249304911955
5 0.15567086730911786 0.40963855421686746 0.014825796886582653 0.022242817423540315
5 0.1882876204595997 0.4865616311399444 0.02223869532987398 0.025949953660797033
5 0.19421793921423278 0.5097312326227988 0.017790956263899184 0.016682113067655237
5 0.21163825055596738 0.5134383688600556 0.014084507042253521 0.024096385542168676
5 0.22720533728687917 0.5273401297497683 0.012601927353595256 0.024096385542168676
5 0.02631578947368421 0.5810936051899908 0.015567086730911787 0.025949953660797033
5 0.37361008154188285 0.3517145505097312 0.01927353595255745 0.030583873957367932
5 0.9799851742031134 0.43697868396663575 0.020756115641215715 0.03243744207599629
5 0.06300963676797627 0.4986098239110287 0.01630837657524092 0.022242817423540315
5 0.10896960711638251 0.46617238183503246 0.017790956263899184 0.03892493049119555
5 0.21237954040029652 0.3795180722891566 0.048183839881393624 0.05468025949953661
5 0.2568569310600445 0.31371640407784984 0.021497405485544848 0.030583873957367932
5 0.046330615270570794 0.3535681186283596 0.021497405485544848 0.05097312326227989
5 0.9829503335804299 0.2608897126969416 0.01927353595255745 0.06580166821130677
5 0.9836916234247591 0.3897126969416126 0.020756115641215715 0.04170528266913809
5 0.9625648628613788 0.6566265060240963 0.03039288361749444 0.08433734939759036
5 0.9859154929577465 0.6858202038924931 0.025203854707190512 0.06302131603336422
