4 0.33762057877813506 0.40963855421686746 0.43890675241157556 0.4911955514365153
0 0.75 0.49443929564411493 0.024115755627009645 0.04170528266913809
0 0.7833601286173634 0.5055607043558851 0.03456591639871383 0.03614457831325301
0 0.7640675241157556 0.5301204819277109 0.03778135048231511 0.04448563484708063
0 0.872588424437299 0.5815569972196478 0.028135048231511254 0.037998146431881374
0 0.6659967845659164 0.5481927710843374 0.03778135048231511 0.03985171455050973
0 0.7777331189710611 0.9291010194624653 0.03135048231511254 0.05838739573679333
0 0.8597266881028939 0.969416126042632 0.04742765273311897 0.029657089898053754
0 0.7439710610932476 0.37395736793327156 0.04421221864951769 0.03614457831325301
6 0.27773311897106107 0.8229842446709916 0.34163987138263663 0.33549582947173306
