2 0.021868050407709415 0.9471733086190918 0.04373610081541883 0.08155699721964782
5 0.3999258710155671 0.1784059314179796 0.040770941438102296 0.06580166821130677
0 0.7664936990363233 0.6765523632993512 0.017790956263899184 0.016682113067655237
0 0.7435137138621201 0.6746987951807228 0.01927353595255745 0.020389249304911955
0 0.7590808005930318 0.6496756255792401 0.01927353595255745 0.022242817423540315
0 0.7142327650111193 0.6524559777571826 0.018532246108228317 0.024096385542168676
0 0.7353595255744997 0.6135310472659871 0.04151223128243143 0.04633920296570899
0 0.6567828020756116 0.5366079703429101 0.01927353595255745 0.018535681186283594
0 0.6775389177168273 0.5338276181649676 0.01630837657524092 0.020389249304911955
0 0.6749444032616753 0.5542168674698795 0.021497405485544848 0.020389249304911955
0 0.617123795404003 0.5342910101946247 0.040770941438102296 0.03429101019462465
0 0.6371386212008896 0.6153846153846154 0.015567086730911787 0.029657089898053754
0 0.4551519644180875 0.5398517145505097 0.01630837657524092 0.019462465245597776
0 0.631578947368421 0.3480074142724745 0.020756115641215715 0.037998146431881374
0 0.6308376575240919 0.3980537534754402 0.02223869532987398 0.03429101019462465
0 0.5959970348406227 0.2571825764596849 0.014825796886582653 0.021316033364226137
0 0.6371386212008896 0.9040778498609824 0.015567086730911787 0.019462465245597776
0 0.5211267605633803 0.08619091751621873 0.01630837657524092 0.022242817423540315
1 0.08636026686434396 0.3697868396663577 0.1682727946627131 0.6506024096385542
