4 0.5985518905872889 0.6733086190917517 0.2847948511665326 0.25857275254865614
6 0.36202735317779566 0.8025949953660797 0.2719227674979887 0.35959221501390176
2 0.9605792437650845 0.793790546802595 0.05953338696701529 0.05468025949953661
2 0.8093322606596943 0.7659870250231696 0.035398230088495575 0.03614457831325301
2 0.0756234915526951 0.8531047265987025 0.05631536604987932 0.056533827618164965
2 0.15969428801287208 0.8341056533827618 0.08447304907481899 0.025949953660797033
2 0.1500402252614642 0.9063948100092678 0.04746580852775543 0.05004633920296571
2 0.27876106194690264 0.6450417052826691 0.06355591311343524 0.027803521779425393
2 0.23531777956556718 0.6607970342910102 0.0249396621078037 0.020389249304911955
2 0.2325020112630732 0.6918443002780352 0.03378921962992759 0.03243744207599629
2 0.23531777956556718 0.7289156626506024 0.02815768302493966 0.04170528266913809
2 0.2843925985518906 0.7701575532900834 0.06355591311343524 0.04077849860982391
3 0.4646017699115044 0.10658016682113068 0.2807723250201126 0.1835032437442076
3 0.7562349155269509 0.04309545875810936 0.28962188254223653 0.06950880444856349
3 0.9078841512469831 0.3804448563484708 0.16492357200321803 0.29935125115848005
