5 0.8639733135656041 0.5495829471733086 0.03187546330615271 0.04077849860982391
5 0.9028910303928837 0.39063948100092677 0.017790956263899184 0.03614457831325301
5 0.43773165307635287 0.2933271547729379 0.018532246108228317 0.017608897126969416
5 0.35470719051148997 0.30537534754402224 0.02742772424017791 0.023169601482854494
5 0.4225352112676056 0.448563484708063 0.031134173461823574 0.025949953660797033
0 0.34173461823573015 0.6654309545875811 0.017790956263899184 0.022242817423540315
0 0.3402520385470719 0.07460611677479147 0.09488510007412898 0.08433734939759036
0 0.2005189028910304 0.08804448563484708 0.0363232023721275 0.042632066728452274
0 0.1530763528539659 0.12696941612604262 0.034840622683469234 0.04819277108433735
0 0.27057079318013344 0.20250231696014828 0.029651593773165306 0.030583873957367932
0 0.4017790956263899 0.16682113067655235 0.023721275018532245 0.025949953660797033
0 0.24388435878428466 0.3132530120481928 0.031134173461823574 0.029657089898053754
0 0.3476649369903632 0.4633920296570899 0.028169014084507043 0.04819277108433735
0 0.47220163083765754 0.5495829471733086 0.020756115641215715 0.020389249304911955
0 0.47516679021497404 0.5792400370713624 0.020756115641215715 0.022242817423540315
0 0.36619718309859156 0.5366079703429101 0.020756115641215715 0.025949953660797033
0 0.37064492216456635 0.504633920296571 0.017790956263899184 0.030583873957367932
0 0.40733876945885844 0.5037071362372567 0.015567086730911787 0.019462465245597776
0 0.4306893995552261 0.5324374420759963 0.017790956263899184 0.030583873957367932
0 0.4514455151964418 0.5176088971269694 0.017790956263899184 0.023169601482854494
0 0.40696812453669384 0.6181649675625579 0.02223869532987398 0.04819277108433735
0 0.4306893995552261 0.5838739573679332 0.020756115641215715 0.04448563484708063
5 0.47702001482579687 0.3535681186283596 0.021497405485544848 0.030583873957367932
1 0.8428465530022239 0.701112140871177 0.2861378799110452 0.5792400370713624
