4 0.3002223869532987 0.13160333642261354 0.25055596738324687 0.2428174235403151
5 0.4065974796145293 0.133920296570899 0.09859154929577464 0.2344763670064875
5 0.47850259451445515 0.2622798887859129 0.06449221645663454 0.06672845227062095
1 0.10378057820607858 0.4462465245597776 0.19421793921423278 0.8424467099165894
0 0.14010378057820608 0.9207599629286376 0.11860637509266123 0.13438368860055608
1 0.25796886582653816 0.9138090824837812 0.14381022979985175 0.12974976830398516
0 0.15159377316530764 0.7126969416126042 0.033358042994810974 0.033364226135310475
5 0.5559673832468495 0.3753475440222428 0.04892512972572276 0.08341056533827618
0 0.4825796886582654 0.3753475440222428 0.023721275018532245 0.029657089898053754
0 0.45626389918458116 0.4114921223354958 0.022979985174203115 0.05004633920296571
0 0.7757598220904374 0.2391102873030584 0.028910303928836176 0.04077849860982391
0 0.874351371386212 0.36422613531047265 0.02001482579688658 0.03707136237256719
0 0.7998517420311342 0.04911955514365153 0.03558191252779837 0.07228915662650602
5 0.7083024462564863 0.1936978683966636 0.025945144551519646 0.03892493049119555
0 0.4955522609340252 0.015755329008341055 0.021497405485544848 0.022242817423540315
4 0.6530763528539659 0.8614457831325302 0.429948109710897 0.2344763670064875
4 0.8332097850259451 0.5027803521779426 0.31875463306152707 0.9759036144578314
4 0.39621942179392144 0.5491195551436515 0.054114158636026685 0.15106580166821132
