0 0.12638991845811712 0.26830398517145504 0.034840622683469234 0.05838739573679333
0 0.3306152705707932 0.1793327154772938 0.031134173461823574 0.04541241890639481
0 0.594885100074129 0.1329935125115848 0.04225352112676056 0.026876737720111215
0 0.5544848035581913 0.23772011121408712 0.029651593773165306 0.037998146431881374
5 0.30578206078576725 0.12279888785912882 0.1816160118606375 0.19925857275254866
5 0.17420311341734618 0.16311399443929564 0.056338028169014086 0.0778498609823911
5 0.16123054114158636 0.03892493049119555 0.040770941438102296 0.06487488415199258
5 0.15789473684210525 0.8753475440222428 0.037064492216456635 0.060240963855421686
4 0.4699777613046701 0.10889712696941613 0.4284655300222387 0.1881371640407785
4 0.07301704966641957 0.3489341983317887 0.14158636026686433 0.6774791473586654
1 0.4295774647887324 0.928174235403151 0.5092661230541141 0.12140871177015755
2 0.9707190511489993 0.6621872103799815 0.04966641957005189 0.08619091751621873
2 0.9128984432913269 0.7798887859128822 0.061527057079318014 0.07692307692307693
