5 0.201171875 0.1025390625 0.09375 0.076171875
0 0.2705078125 0.2392578125 0.052734375 0.072265625
2 0.685546875 0.6083984375 0.06640625 0.087890625
2 0.556640625 0.76171875 0.078125 0.12890625
2 0.4658203125 0.7783203125 0.080078125 0.134765625
2 0.36328125 0.533203125 0.09375 0.0703125
2 0.197265625 0.4140625 0.14453125 0.12890625
2 0.8642578125 0.3505859375 0.033203125 0.099609375
2 0.7529296875 0.5146484375 0.052734375 0.091796875
2 0.875 0.5322265625 0.07421875 0.095703125
2 0.421875 0.9306640625 0.09375 0.107421875
2 0.3271484375 0.6435546875 0.048828125 0.052734375
2 0.2431640625 0.720703125 0.044921875 0.03515625
2 0.2861328125 0.6005859375 0.064453125 0.064453125
2 0.2978515625 0.4697265625 0.041015625 0.048828125
1 0.525390625 0.0751953125 0.22265625 0.119140625
3 0.505859375 0.51953125 0.87109375 0.8828125
