2 0.8863636363636364 0.10040983606557377 0.1026936026936027 0.11475409836065574
2 0.4494949494949495 0.6004098360655737 0.04713804713804714 0.05327868852459016
2 0.09175084175084175 0.5747950819672131 0.06565656565656566 0.07172131147540983
2 0.1994949494949495 0.20081967213114754 0.05555555555555555 0.0942622950819672
2 0.2718855218855219 0.4600409836065574 0.06228956228956229 0.07991803278688525
2 0.4015151515151515 0.43135245901639346 0.03872053872053872 0.0471311475409836
2 0.7188552188552189 0.5963114754098361 0.03367003367003367 0.045081967213114756
2 0.8451178451178452 0.5829918032786885 0.02356902356902357 0.0430327868852459
2 0.8712121212121212 0.7581967213114754 0.03872053872053872 0.04918032786885246
3 0.49663299663299665 0.492827868852459 0.9494949494949495 0.9282786885245902
2 0.9065656565656566 0.26844262295081966 0.03872053872053872 0.045081967213114756
2 0.9503367003367004 0.35655737704918034 0.03872053872053872 0.08196721311475409
2 0.8232323232323232 0.2305327868852459 0.04377104377104377 0.05942622950819672
2 0.5303030303030303 0.09118852459016394 0.030303030303030304 0.0430327868852459
2 0.4452861952861953 0.09938524590163934 0.03872053872053872 0.0389344262295082
