3 0.20607857672349889 0.4717330861909175 0.28317272053372866 0.8637627432808156
0 0.31653076352853965 0.03614457831325301 0.06226834692364715 0.06302131603336422
0 0.3747220163083766 0.06533827618164968 0.02001482579688658 0.04355885078776645
0 0.39621942179392144 0.061167747914735865 0.028910303928836176 0.042632066728452274
0 0.4892512972572276 0.03243744207599629 0.014825796886582653 0.06302131603336422
0 0.4295774647887324 0.1556997219647822 0.10600444773906598 0.1371640407784986
0 0.5177909562638991 0.17516218721038 0.054114158636026685 0.09267840593141798
0 0.5478131949592291 0.23725671918443003 0.05782060785767235 0.05560704355885079
0 0.5088954781319496 0.27710843373493976 0.01704966641957005 0.04077849860982391
0 0.4744255003706449 0.27803521779425394 0.017790956263899184 0.029657089898053754
0 0.477761304670126 0.3392029657089898 0.009636767976278725 0.04819277108433735
0 0.6156412157153447 0.29564411492122333 0.07042253521126761 0.0871177015755329
0 0.5381764269829503 0.4569045412418906 0.050407709414381024 0.05004633920296571
0 0.639362490733877 0.39295644114921224 0.08524833209785027 0.09082483781278962
0 0.6630837657524092 0.4309545875810936 0.034840622683469234 0.05004633920296571
0 0.7012601927353596 0.4555143651529194 0.026686434395848776 0.05838739573679333
0 0.6226834692364714 0.5060240963855421 0.08005930318754632 0.06487488415199258
0 0.6045218680504078 0.5797034291010195 0.025945144551519646 0.04355885078776645
0 0.6160118606375092 0.6770157553290084 0.08895478131949593 0.14735866543095458
0 0.6868050407709414 0.5690454124189064 0.07190511489992588 0.09453197405004633
0 0.7164566345441068 0.7205746061167748 0.11193476649369903 0.12140871177015755
0 0.7231282431430689 0.6371640407784986 0.01704966641957005 0.03614457831325301
0 0.7475908080059304 0.5894346617238183 0.02446256486286138 0.05004633920296571
0 0.4473684210526316 0.5115848007414272 0.03187546330615271 0.05375347544022243
0 0.5303928836174945 0.5676552363299351 0.03187546330615271 0.06209453197405004
0 0.7045959970348407 0.8183503243744208 0.060044477390659746 0.04819277108433735
0 0.6212008895478132 0.7974976830398517 0.0385470719051149 0.05468025949953661
1 0.5348406226834692 0.8994439295644114 0.5018532246108228 0.1881371640407785
1 0.8554484803558191 0.9726598702502317 0.04892512972572276 0.047265987025023166
1 0.025203854707190512 0.7284522706209453 0.04151223128243143 0.21501390176088972
1 0.09933283914010378 0.8957367933271547 0.08005930318754632 0.17145505097312327
