3 0.7323943661971831 0.5421686746987951 0.43587842846553004 0.6061167747914736
3 0.2887323943661972 0.4341983317886932 0.4825796886582654 0.3253012048192771
0 0.22424017790956263 0.5898980537534755 0.09266123054114159 0.07877664504170528
0 0.06560415122312824 0.32715477293790546 0.0793180133432172 0.0871177015755329
5 0.28650852483320977 0.3215940685820204 0.039288361749444035 0.051899907321594066
5 0.6790214974054856 0.28637627432808155 0.03261675315048184 0.03892493049119555
5 0.5941438102297999 0.38368860055607046 0.05263157894736842 0.06302131603336422
5 0.6382505559673832 0.35912882298424464 0.0385470719051149 0.06580166821130677
0 0.6415863602668643 0.3632993512511585 0.04225352112676056 0.06302131603336422
0 0.687175685693106 0.3086190917516219 0.0681986656782802 0.0871177015755329
0 0.7038547071905115 0.376274328081557 0.040770941438102296 0.03707136237256719
0 0.639362490733877 0.4457831325301205 0.02742772424017791 0.029657089898053754
5 0.6022979985174203 0.5769230769230769 0.11193476649369903 0.23262279888785914
5 0.6467753891771683 0.8392029657089898 0.06745737583395107 0.2752548656163114
0 0.32802075611564124 0.6997219647822057 0.025945144551519646 0.04077849860982391
0 0.37064492216456635 0.8489341983317887 0.05189028910303929 0.0685820203892493
5 0.17160859896219421 0.67516218721038 0.048183839881393624 0.06950880444856349
4 0.32134914751667903 0.13670064874884152 0.33728687916975536 0.23262279888785914
5 0.9859154929577465 0.40593141797961074 0.025203854707190512 0.04633920296570899
0 0.8283914010378057 0.37025023169601484 0.033358042994810974 0.04355885078776645
0 0.8543365455893255 0.556997219647822 0.02446256486286138 0.04633920296570899
0 0.6823573017049667 0.46709916589434664 0.028910303928836176 0.04077849860982391
0 0.6745737583395107 0.5199258572752549 0.017790956263899184 0.04448563484708063
0 0.7197924388435878 0.45273401297497684 0.017790956263899184 0.03614457831325301
