5 0.6245366938472943 0.1830398517145505 0.06597479614529281 0.0732159406858202
5 0.8576723498888065 0.12140871177015755 0.1334321719792439 0.18906394810009267
0 0.5426241660489252 0.7391102873030584 0.04595997034840623 0.04911955514365153
0 0.5830244625648628 0.7020389249304912 0.039288361749444035 0.04170528266913809
0 0.6412157153446998 0.7493049119555144 0.08895478131949593 0.0732159406858202
0 0.6308376575240919 0.6459684893419834 0.037064492216456635 0.04077849860982391
0 0.4221645663454411 0.6408711770157554 0.021497405485544848 0.03429101019462465
0 0.25055596738324687 0.4939759036144578 0.023721275018532245 0.04077849860982391
5 0.27687175685693105 0.1556997219647822 0.028910303928836176 0.04077849860982391
0 0.7950333580429948 0.959221501390176 0.033358042994810974 0.04819277108433735
