1 0.7453669384729429 0.742354031510658 0.054114158636026685 0.11306765523632993
1 0.7501853224610823 0.9091751621872104 0.07561156412157154 0.0871177015755329
1 0.6738324684951816 0.9531974050046339 0.08895478131949593 0.056533827618164965
5 0.4503335804299481 0.4082483781278962 0.06300963676797627 0.082483781278962
0 0.5022238695329874 0.35959221501390176 0.0452186805040771 0.12048192771084337
0 0.5826538176426983 0.2516218721037998 0.072646404744255 0.05838739573679333
0 0.5926612305411416 0.43466172381835033 0.03039288361749444 0.03521779425393883
0 0.639362490733877 0.43002780352177944 0.05707931801334322 0.05560704355885079
0 0.823943661971831 0.48007414272474513 0.10007412898443291 0.12974976830398516
0 0.23721275018532245 0.7284522706209453 0.042994810971089696 0.05375347544022243
0 0.16493699036323203 0.25023169601482853 0.0748702742772424 0.0871177015755329
0 0.4551519644180875 0.04077849860982391 0.10081541882876205 0.07043558850787766
0 0.34321719792438843 0.018072289156626505 0.05337286879169755 0.026876737720111215
0 0.3369162342475908 0.10055607043558851 0.022979985174203115 0.06950880444856349
0 0.3951074870274277 0.20389249304911955 0.056338028169014086 0.08897126969416126
4 0.5159377316530763 0.2752548656163114 0.859896219421794 0.49675625579240035
0 0.5151964418087472 0.7228915662650602 0.0385470719051149 0.051899907321594066
0 0.5656041512231282 0.7965708989805376 0.0385470719051149 0.04355885078776645
0 0.5392883617494441 0.8531047265987025 0.025945144551519646 0.030583873957367932
0 0.6215715344699778 0.7164040778498609 0.018532246108228317 0.025949953660797033
0 0.6085989621942179 0.7585727525486562 0.0340993328391401 0.03243744207599629
0 0.6534469977761305 0.7349397590361446 0.022979985174203115 0.04077849860982391
0 0.6801334321719792 0.6830398517145505 0.034840622683469234 0.03707136237256719
