4 0.4714603409933284 0.432808155699722 0.4759080800593032 0.5245597775718258
5 0.5618977020014826 0.6570898980537535 0.11860637509266123 0.061167747914735865
5 0.8728687916975537 0.2891566265060241 0.05114899925871016 0.22613531047265986
5 0.167531504818384 0.11353104726598702 0.23424759080800592 0.21779425393883226
5 0.08191252779836916 0.3396663577386469 0.156412157153447 0.3030583873957368
1 0.16567828020756115 0.8489341983317887 0.15344699777613047 0.22613531047265986
1 0.477761304670126 0.9036144578313253 0.6352853965900667 0.18535681186283595
0 0.6111934766493698 0.5509731232622799 0.083765752409192 0.10658016682113068
0 0.6919940696812453 0.029657089898053754 0.028910303928836176 0.025949953660797033
0 0.7446256486286138 0.07738646895273402 0.03039288361749444 0.05282669138090825
0 0.9043736100815419 0.08526413345690455 0.037064492216456635 0.03707136237256719
0 0.8172720533728688 0.5398517145505097 0.06597479614529281 0.10843373493975904
