3 0.5700518902891031 0.47868396663577384 0.821349147516679 0.9351251158480074
1 0.8250555967383247 0.13253012048192772 0.037064492216456635 0.051899907321594066
1 0.890659747961453 0.19601482854494903 0.04966641957005189 0.06580166821130677
1 0.9266123054114158 0.25764596848934196 0.04002965159377316 0.057460611677479144
1 0.9736842105263158 0.22520852641334568 0.048183839881393624 0.11121408711770157
1 0.9462564862861379 0.4902687673772011 0.028910303928836176 0.03707136237256719
1 0.8784284655300222 0.8118628359592215 0.0340993328391401 0.04448563484708063
5 0.22609340252038548 0.5630213160333642 0.09340252038547071 0.09545875810936053
4 0.27390659747961454 0.7868396663577386 0.5448480355819125 0.40593141797961074
1 0.12750185322461083 0.024559777571825765 0.0340993328391401 0.03985171455050973
