0 0.224609375 0.0947265625 0.15234375 0.107421875
0 0.095703125 0.884765625 0.1171875 0.1171875
5 0.4453125 0.4921875 0.06640625 0.05078125
5 0.625 0.4326171875 0.0859375 0.087890625
0 0.4287109375 0.806640625 0.037109375 0.1875
5 0.2353515625 0.4931640625 0.056640625 0.083984375
2 0.796875 0.259765625 0.046875 0.05078125
2 0.8740234375 0.8369140625 0.056640625 0.064453125
1 0.0625 0.080078125 0.1015625 0.109375
2 0.025390625 0.80078125 0.046875 0.109375
2 0.62109375 0.4248046875 0.0703125 0.072265625
2 0.2255859375 0.1064453125 0.068359375 0.083984375
