5 0.15826538176426982 0.25440222428174236 0.06300963676797627 0.11770157553290084
5 0.22720533728687917 0.32854494902687675 0.06893995552260934 0.056533827618164965
5 0.3183839881393625 0.4318813716404078 0.0748702742772424 0.10009267840593142
1 0.04002965159377316 0.4091751621872104 0.07116382505559674 0.25857275254865614
1 0.1816160118606375 0.7900834105653383 0.3365455893254262 0.4087117701575533
0 0.031134173461823574 0.6617238183503243 0.03261675315048184 0.06487488415199258
0 0.05300222386953299 0.7326227988878591 0.039288361749444035 0.06765523632993513
0 0.08154188287620459 0.82483781278962 0.04447739065974796 0.06487488415199258
0 0.06634544106745738 0.8846153846153846 0.034840622683469234 0.05838739573679333
0 0.12601927353595255 0.0366079703429101 0.020756115641215715 0.03243744207599629
0 0.1682727946627131 0.012511584800741427 0.025203854707190512 0.023169601482854494
0 0.22386953298739806 0.052363299351251155 0.04892512972572276 0.09545875810936053
0 0.3235730170496664 0.019925857275254866 0.02742772424017791 0.03985171455050973
0 0.28799110452186805 0.12001853568118628 0.01111934766493699 0.03985171455050973
0 0.5463306152705708 0.34986098239110286 0.01927353595255745 0.037998146431881374
0 0.5700518902891031 0.4184430027803522 0.020756115641215715 0.05468025949953661
0 0.6549295774647887 0.38785912882298423 0.040770941438102296 0.04911955514365153
0 0.6901408450704225 0.6037998146431881 0.025203854707190512 0.03985171455050973
0 0.91882876204596 0.5171455050973123 0.025945144551519646 0.03521779425393883
0 0.5648628613787992 0.07136237256719184 0.08302446256486286 0.1371640407784986
4 0.770941438102298 0.5004633920296571 0.44329132690882134 0.9823911028730306
5 0.47183098591549294 0.2516218721037998 0.03780578206078577 0.04541241890639481
5 0.4762787249814677 0.5764596848934198 0.040770941438102296 0.07228915662650602
