0 0.20978502594514456 0.21316033364226136 0.0340993328391401 0.12048192771084337
0 0.24573758339510748 0.2859128822984245 0.02446256486286138 0.03243744207599629
0 0.19755374351371385 0.31000926784059313 0.02001482579688658 0.028730305838739572
0 0.23165307635285395 0.33178869323447635 0.0363232023721275 0.027803521779425393
0 0.27724240177909565 0.21084337349397592 0.042994810971089696 0.06950880444856349
0 0.28650852483320977 0.07645968489341984 0.134173461823573 0.10472659870250231
0 0.2965159377316531 0.298887859128823 0.04447739065974796 0.07692307692307693
0 0.32765011119347665 0.32715477293790546 0.02223869532987398 0.04077849860982391
0 0.33432171979243885 0.39156626506024095 0.025203854707190512 0.056533827618164965
0 0.33543365455893254 0.4712696941612604 0.02001482579688658 0.030583873957367932
0 0.34951816160118604 0.5236329935125116 0.025945144551519646 0.061167747914735865
0 0.3747220163083766 0.41890639481000924 0.0363232023721275 0.1519925857275255
0 0.20311341734618235 0.47775718257645966 0.025203854707190512 0.037998146431881374
0 0.17197924388435878 0.6000926784059314 0.06671608598962195 0.12326227988878591
0 0.10081541882876205 0.7344763670064874 0.02223869532987398 0.03243744207599629
0 0.06745737583395107 0.7650602409638554 0.028169014084507043 0.028730305838739572
0 0.06782802075611565 0.8155699721964782 0.02001482579688658 0.03707136237256719
0 0.02001482579688658 0.7511584800741428 0.01927353595255745 0.04355885078776645
0 0.14381022979985175 0.7381835032437442 0.023721275018532245 0.037998146431881374
0 0.1356560415122313 0.8076923076923077 0.04151223128243143 0.05282669138090825
0 0.17790956263899185 0.7900834105653383 0.05189028910303929 0.09545875810936053
0 0.18754633061527057 0.9147358665430955 0.0904373610081542 0.11862835959221502
0 0.257227575982209 0.9244670991658943 0.04447739065974796 0.030583873957367932
0 0.24870274277242402 0.963855421686747 0.061527057079318014 0.061167747914735865
0 0.36397331356560414 0.958758109360519 0.05337286879169755 0.05838739573679333
0 0.4128984432913269 0.9397590361445783 0.0681986656782802 0.09453197405004633
0 0.32431430689399554 0.7089898053753475 0.028910303928836176 0.03707136237256719
0 0.2916975537435137 0.8202038924930491 0.02446256486286138 0.06487488415199258
0 0.34210526315789475 0.8160333642261353 0.040770941438102296 0.09545875810936053
0 0.3383988139362491 0.6468952734012975 0.028910303928836176 0.03892493049119555
0 0.5796886582653817 0.3716404077849861 0.0681986656782802 0.14828544949026876
0 0.7164566345441068 0.3517145505097312 0.022979985174203115 0.030583873957367932
0 0.7331356560415122 0.4170528266913809 0.10526315789473684 0.14272474513438368
0 0.6697553743513713 0.6070435588507878 0.02001482579688658 0.03707136237256719
0 0.5374351371386212 0.6510658016682113 0.02223869532987398 0.047265987025023166
0 0.572646404744255 0.644114921223355 0.02446256486286138 0.05375347544022243
0 0.7620459599703484 0.28266913809082483 0.014825796886582653 0.025949953660797033
0 0.8042994810971089 0.33271547729379053 0.025203854707190512 0.051899907321594066
0 0.8613787991104522 0.3887859128822984 0.04892512972572276 0.10843373493975904
0 0.9177168272794662 0.49304911955514363 0.04447739065974796 0.0963855421686747
0 0.9829503335804299 0.38368860055607046 0.020756115641215715 0.06302131603336422
0 0.9518161601186064 0.19184430027803523 0.08302446256486286 0.12974976830398516
0 0.8602668643439585 0.09036144578313253 0.01704966641957005 0.028730305838739572
5 0.6286137879911046 0.05097312326227989 0.13936249073387694 0.10009267840593142
4 0.5522609340252038 0.1881371640407785 0.037064492216456635 0.07228915662650602
3 0.6975537435137139 0.705746061167748 0.5174203113417346 0.44763670064874883
3 0.3031875463306153 0.23076923076923078 0.2787249814677539 0.3855421686746988
