3 0.5250836120401338 0.4562363238512035 0.5785953177257525 0.8862144420131292
2 0.9063545150501672 0.09299781181619256 0.12040133779264214 0.11159737417943107
2 0.12123745819397994 0.09299781181619256 0.11538461538461539 0.11159737417943107
2 0.12123745819397994 0.28665207877461707 0.038461538461538464 0.061269146608315096
2 0.2625418060200669 0.25711159737417943 0.030100334448160536 0.06783369803063458
2 0.49581939799331104 0.24835886214442013 0.021739130434782608 0.05032822757111598
2 0.4523411371237458 0.2778993435448578 0.03511705685618729 0.04814004376367615
2 0.17391304347826086 0.5350109409190372 0.030100334448160536 0.05470459518599562
2 0.1939799331103679 0.5798687089715536 0.026755852842809364 0.04814004376367615
2 0.1605351170568562 0.8369803063457331 0.04013377926421405 0.06783369803063458
2 0.2809364548494983 0.9113785557986871 0.03678929765886288 0.06345733041575492
2 0.4306020066889632 0.9398249452954048 0.038461538461538464 0.05470459518599562
2 0.5133779264214047 0.5722100656455142 0.026755852842809364 0.045951859956236324
2 0.4707357859531773 0.5470459518599562 0.03177257525083612 0.0525164113785558
2 0.8887959866220736 0.7231947483588621 0.04180602006688963 0.05908096280087528
2 0.7608695652173914 0.9310722100656456 0.22742474916387959 0.12472647702407003
2 0.3219063545150502 0.9682713347921226 0.16220735785953178 0.05032822757111598
