5 0.05151964418087472 0.6306765523632993 0.09414381022979985 0.3753475440222428
5 0.1300963676797628 0.3948100092678406 0.10896960711638251 0.06302131603336422
5 0.22424017790956263 0.18582020389249304 0.17865085248332097 0.18443002780352177
5 0.6430689399555226 0.06672845227062095 0.06893995552260934 0.05931417979610751
5 0.42772424017790955 0.6459684893419834 0.6241660489251297 0.3632993512511585
5 0.7038547071905115 0.7252085264133457 0.1949592290585619 0.0917516218721038
5 0.41808747220163084 0.9304911955514366 0.1067457375833951 0.10194624652455977
5 0.5037064492216456 0.9615384615384616 0.083765752409192 0.0639481000926784
5 0.6345441067457376 0.9170528266913809 0.1541882876204596 0.13253012048192772
5 0.8206078576723499 0.8290083410565339 0.04002965159377316 0.056533827618164965
5 0.8676797627872498 0.830398517145505 0.05263157894736842 0.06672845227062095
5 0.5433654558932542 0.2882298424467099 0.40919199406968126 0.09823911028730306
0 0.6790214974054856 0.3897126969416126 0.042994810971089696 0.04541241890639481
0 0.7761304670126019 0.47775718257645966 0.01927353595255745 0.037998146431881374
0 0.7891030392883618 0.5004633920296571 0.018532246108228317 0.033364226135310475
0 0.21312083024462564 0.768303985171455 0.01704966641957005 0.022242817423540315
0 0.20904373610081542 0.7956441149212233 0.031134173461823574 0.023169601482854494
0 0.23387694588584138 0.8392029657089898 0.03187546330615271 0.028730305838739572
5 0.17457375833951075 0.9490268767377201 0.10007412898443291 0.09082483781278962
0 0.5411415863602669 0.8118628359592215 0.09488510007412898 0.07414272474513438
0 0.5426241660489252 0.907321594068582 0.050407709414381024 0.0871177015755329
0 0.47516679021497404 0.6385542168674698 0.05930318754633061 0.1556997219647822
0 0.5822831727205338 0.6496756255792401 0.028910303928836176 0.03892493049119555
1 0.14232765011119347 0.5787766450417052 0.1111934766493699 0.13253012048192772
1 0.13046701260192736 0.08526413345690455 0.20904373610081542 0.16126042632066728
