3 0.47220163083765754 0.541241890639481 0.8272794662713121 0.8544949026876738
5 0.2620459599703484 0.32947173308619093 0.23647146034099334 0.1936978683966636
0 0.1286137879911045 0.23354958294717332 0.09859154929577464 0.0871177015755329
0 0.39473684210526316 0.366079703429101 0.022979985174203115 0.08526413345690455
0 0.5037064492216456 0.6320667284522706 0.021497405485544848 0.04633920296570899
0 0.43254262416604894 0.8257645968489342 0.14455151964418086 0.11121408711770157
5 0.34062268346923646 0.47775718257645966 0.060044477390659746 0.08063021316033364
5 0.09896219421793921 0.5454124189063948 0.025945144551519646 0.03429101019462465
5 0.12490733876945886 0.5509731232622799 0.02001482579688658 0.030583873957367932
0 0.05374351371386212 0.40037071362372567 0.048183839881393624 0.0685820203892493
5 0.12008895478131949 0.35032437442076 0.04151223128243143 0.04448563484708063
0 0.5674573758339511 0.12187210379981464 0.022979985174203115 0.03985171455050973
0 0.4651593773165308 0.20250231696014828 0.04373610081541883 0.05282669138090825
0 0.5326167531504818 0.29147358665430956 0.02742772424017791 0.03614457831325301
0 0.6464047442550037 0.3855421686746988 0.10378057820607858 0.11862835959221502
0 0.4269829503335804 0.5593141797961075 0.025203854707190512 0.030583873957367932
0 0.3365455893254262 0.7391102873030584 0.029651593773165306 0.03429101019462465
0 0.012601927353595256 0.7998146431881371 0.017790956263899184 0.06672845227062095
4 0.41326908821349145 0.680259499536608 0.10155670867309118 0.12233549582947173
