5 0.28020756115641215 0.1793327154772938 0.4329132690882135 0.33642261353104724
1 0.06412157153446998 0.47914735866543096 0.11489992587101557 0.3799814643188137
1 0.2853965900667161 0.896663577386469 0.3113417346182357 0.17516218721038
0 0.2490733876945886 0.9490268767377201 0.10378057820607858 0.09082483781278962
0 0.8925129725722758 0.6163113994439295 0.07116382505559674 0.0685820203892493
0 0.9425500370644923 0.6297497683039852 0.025945144551519646 0.03429101019462465
5 0.7394366197183099 0.6450417052826691 0.033358042994810974 0.04819277108433735
0 0.7190511489992587 0.7108433734939759 0.01927353595255745 0.029657089898053754
0 0.7171979243884359 0.7863762743280815 0.01111934766493699 0.04911955514365153
5 0.8543365455893255 0.8470806302131604 0.02742772424017791 0.04077849860982391
5 0.8750926612305412 0.9189063948100092 0.02742772424017791 0.037998146431881374
5 0.7483320978502594 0.35820203892493047 0.0748702742772424 0.18257645968489342
5 0.7894736842105263 0.5449490268767377 0.072646404744255 0.13160333642261354
0 0.8558191252779836 0.13484708063021317 0.10452186805040771 0.24930491195551435
0 0.9421793921423276 0.15940685820203893 0.07116382505559674 0.09453197405004633
0 0.9655300222386953 0.24189063948100092 0.04966641957005189 0.07970342910101946
0 0.9258710155670867 0.34198331788693237 0.14232765011119347 0.20945319740500462
0 0.7516679021497406 0.019462465245597776 0.04447739065974796 0.022242817423540315
4 0.7928094885100074 0.39527340129749766 0.396590066716086 0.7701575532900834
5 0.45997034840622686 0.4008341056533828 0.03780578206078577 0.05282669138090825
5 0.32765011119347665 0.37025023169601484 0.031134173461823574 0.056533827618164965
5 0.5852483320978502 0.3827618164967563 0.03187546330615271 0.0685820203892493
