0 0.37694588584136396 0.22798887859128822 0.05856189770200148 0.042632066728452274
0 0.3558191252779837 0.33178869323447635 0.0385470719051149 0.04077849860982391
0 0.24796145292809488 0.09453197405004633 0.06449221645663454 0.07043558850787766
0 0.2750185322461082 0.16172381835032437 0.029651593773165306 0.03243744207599629
0 0.10155670867309118 0.16126042632066728 0.0340993328391401 0.03892493049119555
0 0.1541882876204596 0.24606116774791473 0.0385470719051149 0.06580166821130677
0 0.11601186063750926 0.3943466172381835 0.03039288361749444 0.03985171455050973
0 0.12416604892512972 0.340129749768304 0.02446256486286138 0.020389249304911955
0 0.18865826538176428 0.34986098239110286 0.03780578206078577 0.03614457831325301
0 0.14158636026686433 0.5537534754402225 0.031134173461823574 0.03614457831325301
0 0.1245366938472943 0.032900834105653386 0.0385470719051149 0.025023169601482854
0 0.24091919940696813 0.026876737720111215 0.0385470719051149 0.04448563484708063
0 0.32987398072646407 0.017608897126969416 0.01927353595255745 0.022242817423540315
4 0.24425500370644923 0.32854494902687675 0.09414381022979985 0.09916589434661724
5 0.03669384729429207 0.32483781278962004 0.03039288361749444 0.030583873957367932
1 0.7105263157894737 0.7845227062094532 0.257227575982209 0.3957367933271548
