5 0.28131949592290584 0.7900834105653383 0.08080059303187546 0.15106580166821132
5 0.25018532246108227 0.953660797034291 0.06893995552260934 0.07599629286376275
5 0.4062268346923647 0.9754402224281742 0.08895478131949593 0.03614457831325301
5 0.5248332097850259 0.9518072289156626 0.08302446256486286 0.08897126969416126
5 0.6441808747220164 0.9249304911955515 0.04151223128243143 0.03892493049119555
5 0.5441067457375834 0.8317886932344764 0.031134173461823574 0.04355885078776645
5 0.4536693847294292 0.7613531047265987 0.04447739065974796 0.05838739573679333
0 0.5200148257968866 0.34198331788693237 0.033358042994810974 0.05004633920296571
0 0.5496664195700519 0.31974050046339203 0.02446256486286138 0.03521779425393883
0 0.6037805782060786 0.3313253012048193 0.04225352112676056 0.03614457831325301
0 0.6067457375833951 0.38785912882298423 0.04225352112676056 0.04541241890639481
0 0.6745737583395107 0.5370713623725671 0.029651593773165306 0.04541241890639481
0 0.42105263157894735 0.10148285449490269 0.03261675315048184 0.05838739573679333
0 0.3780578206078577 0.025486561631139944 0.031134173461823574 0.04170528266913809
0 0.33246849518161603 0.06765523632993513 0.04225352112676056 0.051899907321594066
0 0.39621942179392144 0.2659870250231696 0.0452186805040771 0.05004633920296571
0 0.2446256486286138 0.17377201112140872 0.04002965159377316 0.056533827618164965
0 0.8320978502594515 0.7608897126969416 0.034840622683469234 0.04077849860982391
0 0.8695329873980726 0.8053753475440223 0.0385470719051149 0.029657089898053754
0 0.9095626389918459 0.7469879518072289 0.023721275018532245 0.025949953660797033
0 0.8513713862120089 0.8544949026876738 0.014084507042253521 0.03707136237256719
0 0.8169014084507042 0.8646895273401297 0.020756115641215715 0.04077849860982391
0 0.7713120830244625 0.6408711770157554 0.025945144551519646 0.047265987025023166
5 0.5474425500370645 0.6334569045412419 0.025945144551519646 0.04541241890639481
5 0.6174944403261675 0.6658943466172382 0.06226834692364715 0.1102873030583874
0 0.42661230541141587 0.3632993512511585 0.025945144551519646 0.03892493049119555
0 0.39621942179392144 0.5579240037071362 0.02742772424017791 0.051899907321594066
5 0.748702742772424 0.3632993512511585 0.05782060785767235 0.0778498609823911
0 0.7071905114899926 0.46107506950880445 0.025203854707190512 0.03243744207599629
0 0.7416604892512972 0.4763670064874884 0.021497405485544848 0.04077849860982391
0 0.7853965900667161 0.44207599629286376 0.048183839881393624 0.04448563484708063
0 0.7453669384729429 0.23725671918443003 0.028910303928836176 0.03521779425393883
0 0.5126019273535952 0.06348470806302131 0.03780578206078577 0.056533827618164965
0 0.42142327650111194 0.1793327154772938 0.02001482579688658 0.03243744207599629
