2 0.12977707006369427 0.5369649805447471 0.03980891719745223 0.06614785992217899
2 0.48328025477707004 0.5710116731517509 0.030254777070063694 0.06809338521400778
2 0.4299363057324841 0.4046692607003891 0.028662420382165606 0.054474708171206226
2 0.8797770700636943 0.7178988326848249 0.03662420382165605 0.0622568093385214
2 0.8550955414012739 0.5496108949416343 0.028662420382165606 0.06809338521400778
2 0.9259554140127388 0.24221789883268482 0.030254777070063694 0.05642023346303502
2 0.9617834394904459 0.33073929961089493 0.022292993630573247 0.04669260700389105
2 0.8949044585987261 0.09824902723735408 0.08917197452229299 0.0914396887159533
2 0.4968152866242038 0.9523346303501945 0.6114649681528662 0.08365758754863813
3 0.5047770700636943 0.4591439688715953 0.9299363057324841 0.8871595330739299
