1 0.6143229166666667 0.7898148148148149 0.14322916666666666 0.40555555555555556
0 0.47265625 0.8495370370370371 0.05572916666666667 0.06574074074074074
0 0.48776041666666664 0.9657407407407408 0.0203125 0.053703703703703705
0 0.7338541666666667 0.3611111111111111 0.019791666666666666 0.04259259259259259
0 0.7356770833333334 0.45416666666666666 0.0203125 0.03796296296296296
0 0.4328125 0.38333333333333336 0.058333333333333334 0.040740740740740744
0 0.296875 0.5356481481481481 0.019791666666666666 0.023148148148148147
0 0.38125 0.4356481481481482 0.020833333333333332 0.025
0 0.39427083333333335 0.49027777777777776 0.014583333333333334 0.025
0 0.45364583333333336 0.575925925925926 0.017708333333333333 0.03148148148148148
0 0.34375 0.45694444444444443 0.021875 0.03611111111111111
0 0.31276041666666665 0.4949074074074074 0.025520833333333333 0.026851851851851852
0 0.33671875 0.5421296296296296 0.016145833333333335 0.028703703703703703
0 0.2591145833333333 0.5949074074074074 0.0171875 0.030555555555555555
0 0.41067708333333336 0.9666666666666667 0.0203125 0.025925925925925925
0 0.31536458333333334 0.9027777777777778 0.019270833333333334 0.040740740740740744
0 0.39375 0.6314814814814815 0.023958333333333335 0.03888888888888889
0 0.47578125 0.47129629629629627 0.0203125 0.03518518518518519
0 0.6901041666666666 0.22037037037037038 0.020833333333333332 0.03888888888888889
0 0.51796875 0.9699074074074074 0.0140625 0.030555555555555555
4 0.41640625 0.13055555555555556 0.4828125 0.2611111111111111
4 0.23776041666666667 0.41944444444444445 0.12239583333333333 0.31296296296296294
4 0.346875 0.3402777777777778 0.09375 0.15092592592592594
4 0.73828125 0.14074074074074075 0.0609375 0.14074074074074075
