1 0.44375 0.6819444444444445 0.17604166666666668 0.2324074074074074
1 0.30390625 0.687037037037037 0.09010416666666667 0.14444444444444443
1 0.36276041666666664 0.8379629629629629 0.0859375 0.13518518518518519
0 0.22994791666666667 0.3125 0.009895833333333333 0.021296296296296296
0 0.5270833333333333 0.42824074074074076 0.027083333333333334 0.03611111111111111
0 0.4822916666666667 0.4393518518518518 0.016666666666666666 0.028703703703703703
0 0.5692708333333333 0.7444444444444445 0.020833333333333332 0.04814814814814815
0 0.5828125 0.8217592592592593 0.023958333333333335 0.05277777777777778
0 0.5393229166666667 0.6907407407407408 0.013020833333333334 0.03333333333333333
0 0.54921875 0.7245370370370371 0.0171875 0.030555555555555555
0 0.5546875 0.750462962962963 0.017708333333333333 0.025
0 0.5627604166666667 0.7773148148148148 0.0140625 0.028703703703703703
0 0.37213541666666666 0.9550925925925926 0.015104166666666667 0.028703703703703703
0 0.3182291666666667 0.9171296296296296 0.016666666666666666 0.026851851851851852
0 0.4171875 0.8912037037037037 0.025 0.06018518518518518
0 0.4395833333333333 0.8537037037037037 0.023958333333333335 0.03148148148148148
0 0.4661458333333333 0.8314814814814815 0.022916666666666665 0.02962962962962963
0 0.48541666666666666 0.8731481481481481 0.020833333333333332 0.05740740740740741
0 0.46119791666666665 0.8856481481481482 0.019270833333333334 0.06018518518518518
0 0.47942708333333334 0.9226851851851852 0.0109375 0.025
0 0.46536458333333336 0.9356481481481481 0.0171875 0.025
0 0.39869791666666665 0.9847222222222223 0.0203125 0.023148148148148147
0 0.48723958333333334 0.5421296296296296 0.015104166666666667 0.03611111111111111
0 0.5018229166666667 0.5606481481481481 0.0078125 0.026851851851851852
0 0.52578125 0.5861111111111111 0.033854166666666664 0.05185185185185185
0 0.5752604166666667 0.6365740740740741 0.0109375 0.025
0 0.22265625 0.2726851851851852 0.011979166666666667 0.01574074074074074
0 0.3927083333333333 0.04398148148148148 0.052083333333333336 0.028703703703703703
4 0.28046875 0.2361111111111111 0.2390625 0.4666666666666667
4 0.5481770833333334 0.15416666666666667 0.2953125 0.30277777777777776
4 0.734375 0.7523148148148148 0.203125 0.46944444444444444
