0 0.7833333333333333 0.6509259259259259 0.14895833333333333 0.5407407407407407
0 0.7513020833333334 0.9523148148148148 0.030729166666666665 0.03425925925925926
0 0.415625 0.7138888888888889 0.04375 0.05555555555555555
0 0.33125 0.8115740740740741 0.01875 0.026851851851851852
0 0.30572916666666666 0.8384259259259259 0.013541666666666667 0.019444444444444445
0 0.27734375 0.888425925925926 0.015104166666666667 0.023148148148148147
0 0.48125 0.6615740740740741 0.01875 0.017592592592592594
0 0.54921875 0.399537037037037 0.015104166666666667 0.025
0 0.58515625 0.5050925925925925 0.013020833333333334 0.021296296296296296
0 0.6203125 0.912962962962963 0.01875 0.044444444444444446
0 0.61484375 0.8689814814814815 0.011979166666666667 0.019444444444444445
2 0.7817708333333333 0.5958333333333333 0.15 0.6583333333333333
