0 0.8839881393624908 0.5843373493975904 0.1949592290585619 0.3938832252085264
0 0.7194217939214232 0.8535681186283596 0.14455151964418086 0.1334569045412419
0 0.8780578206078576 0.10658016682113068 0.23498888065233506 0.211306765523633
0 0.04929577464788732 0.42400370713623725 0.05263157894736842 0.06950880444856349
0 0.4128984432913269 0.09406858202038924 0.04002965159377316 0.07136237256719184
0 0.4221645663454411 0.20296570898980537 0.02742772424017791 0.05375347544022243
0 0.3613787991104522 0.2794253938832252 0.03780578206078577 0.05468025949953661
0 0.3513713862120089 0.18628359592215013 0.037064492216456635 0.05004633920296571
0 0.25055596738324687 0.2428174235403151 0.1586360266864344 0.4856348470806302
0 0.16345441067457375 0.05375347544022243 0.033358042994810974 0.05375347544022243
0 0.13454410674573758 0.13531047265987026 0.033358042994810974 0.0685820203892493
0 0.24425500370644923 0.7136237256719185 0.03039288361749444 0.04633920296570899
0 0.6041512231282431 0.8799814643188137 0.026686434395848776 0.03614457831325301
0 0.7442550037064493 0.943466172381835 0.020756115641215715 0.029657089898053754
0 0.006671608598962194 0.6492122335495829 0.013343217197924388 0.030583873957367932
0 0.005559673832468495 0.32020389249304915 0.009636767976278725 0.03985171455050973
