6 0.146484375 0.6865234375 0.29296875 0.498046875
2 0.470703125 0.6376953125 0.140625 0.189453125
2 0.5791015625 0.15234375 0.044921875 0.0625
2 0.5654296875 0.236328125 0.060546875 0.109375
2 0.8642578125 0.6337890625 0.068359375 0.064453125
2 0.9521484375 0.6318359375 0.048828125 0.080078125
2 0.2685546875 0.1123046875 0.052734375 0.111328125
2 0.46484375 0.0419921875 0.05859375 0.068359375
2 0.2236328125 0.298828125 0.091796875 0.08984375
2 0.1064453125 0.3759765625 0.048828125 0.072265625
2 0.1904296875 0.4306640625 0.115234375 0.099609375
2 0.158203125 0.7919921875 0.0546875 0.087890625
2 0.197265625 0.751953125 0.03125 0.046875
2 0.1787109375 0.908203125 0.041015625 0.0625
2 0.126953125 0.8828125 0.0546875 0.0546875
1 0.05078125 0.14453125 0.1015625 0.203125
0 0.146484375 0.5126953125 0.05859375 0.087890625
0 0.1611328125 0.583984375 0.056640625 0.05859375
0 0.0341796875 0.4912109375 0.041015625 0.064453125
0 0.0205078125 0.759765625 0.037109375 0.05859375
0 0.025390625 0.6865234375 0.046875 0.060546875
0 0.02734375 0.6103515625 0.0546875 0.064453125
