3 0.4990234375 0.4990234375 0.994140625 0.994140625
2 0.8828125 0.748046875 0.109375 0.1015625
2 0.6826171875 0.3779296875 0.080078125 0.099609375
2 0.5654296875 0.7802734375 0.130859375 0.123046875
2 0.6689453125 0.9140625 0.119140625 0.140625
2 0.1162109375 0.31640625 0.185546875 0.14453125
2 0.158203125 0.8916015625 0.09765625 0.099609375
2 0.27734375 0.0712890625 0.08203125 0.083984375
2 0.3505859375 0.4130859375 0.060546875 0.060546875
2 0.15625 0.7138671875 0.0546875 0.056640625
3 0.1689453125 0.5078125 0.337890625 0.4140625
6 0.1689453125 0.5078125 0.333984375 0.4140625
6 0.1171875 0.7734375 0.1015625 0.1171875
0 0.1416015625 0.484375 0.076171875 0.08984375
0 0.1669921875 0.5703125 0.064453125 0.08203125
0 0.1689453125 0.3984375 0.072265625 0.0546875
