2 0.02112676056338028 0.9443929564411492 0.04225352112676056 0.09267840593141798
4 0.6493699036323203 0.8512511584800742 0.6893995552260934 0.26969416126042633
4 0.41512231282431433 0.06209453197405004 0.2446256486286138 0.11121408711770157
5 0.3398813936249073 0.20064874884151992 0.05114899925871016 0.07506950880444857
5 0.46108228317272054 0.35032437442076 0.04595997034840623 0.07228915662650602
0 0.667531504818384 0.6839666357738647 0.022979985174203115 0.022242817423540315
0 0.667531504818384 0.7159406858202039 0.028910303928836176 0.03429101019462465
0 0.614529280948851 0.6848934198331789 0.0385470719051149 0.04077849860982391
0 0.6404744255003706 0.6524559777571826 0.04151223128243143 0.04077849860982391
0 0.5244625648628614 0.572289156626506 0.022979985174203115 0.03985171455050973
0 0.5470719051148999 0.5797034291010195 0.01630837657524092 0.03985171455050973
0 0.5848776871756857 0.593141797961075 0.05930318754633061 0.07043558850787766
0 0.5700518902891031 0.3827618164967563 0.020756115641215715 0.04077849860982391
0 0.5685693106004448 0.43327154772937904 0.023721275018532245 0.03985171455050973
0 0.5604151223128243 0.6519925857275255 0.017790956263899184 0.03614457831325301
0 0.5663454410674573 0.8535681186283596 0.013343217197924388 0.020389249304911955
0 0.5737583395107487 0.8739573679332715 0.014825796886582653 0.020389249304911955
0 0.5856189770200149 0.26737720111214086 0.01927353595255745 0.037998146431881374
0 0.5448480355819125 0.2891566265060241 0.020756115641215715 0.025949953660797033
1 0.09599703484062268 0.3382761816496756 0.19199406968124536 0.607970342910102
