5 0.5585618977020015 0.6524559777571826 0.0452186805040771 0.0685820203892493
5 0.653817642698295 0.4161260426320667 0.0340993328391401 0.03892493049119555
5 0.7383246849518161 0.23586654309545876 0.02223869532987398 0.028730305838739572
5 0.7679762787249814 0.4161260426320667 0.020756115641215715 0.025949953660797033
5 0.9329132690882135 0.14133456904541242 0.015567086730911787 0.025023169601482854
5 0.8928836174944403 0.6765523632993512 0.022979985174203115 0.027803521779425393
5 0.5029651593773166 0.366079703429101 0.04966641957005189 0.09823911028730306
0 0.2079318013343217 0.5227062094531975 0.022979985174203115 0.029657089898053754
0 0.2357301704966642 0.484708063021316 0.037064492216456635 0.042632066728452274
0 0.26575240919199405 0.3758109360518999 0.0452186805040771 0.037998146431881374
0 0.32097850259451444 0.33178869323447635 0.042994810971089696 0.05004633920296571
0 0.36434395848776874 0.33086190917516217 0.014084507042253521 0.024096385542168676
0 0.4262416604892513 0.3113994439295644 0.01630837657524092 0.029657089898053754
0 0.32616753150481836 0.4735866543095459 0.017790956263899184 0.027803521779425393
0 0.39436619718309857 0.48146431881371643 0.02223869532987398 0.023169601482854494
0 0.4140103780578206 0.4508804448563485 0.028910303928836176 0.03614457831325301
0 0.4762787249814677 0.26506024096385544 0.06745737583395107 0.029657089898053754
0 0.508524833209785 0.2391102873030584 0.025203854707190512 0.025949953660797033
0 0.42809488510007415 0.21408711770157554 0.02001482579688658 0.024096385542168676
0 0.34544106745737585 0.05885078776645042 0.037064492216456635 0.023169601482854494
0 0.028910303928836176 0.3855421686746988 0.017790956263899184 0.022242817423540315
0 0.10081541882876205 0.21084337349397592 0.031134173461823574 0.04170528266913809
0 0.14269829503335804 0.22613531047265986 0.021497405485544848 0.027803521779425393
0 0.06968124536693847 0.3030583873957368 0.02223869532987398 0.025949953660797033
0 0.10007412898443291 0.2669138090824838 0.04151223128243143 0.042632066728452274
0 0.2257227575982209 0.11631139944392957 0.025945144551519646 0.026876737720111215
0 0.19199406968124536 0.1696014828544949 0.01927353595255745 0.020389249304911955
0 0.3543365455893254 0.014828544949026877 0.07116382505559674 0.027803521779425393
0 0.30355819125277983 0.027803521779425393 0.02446256486286138 0.029657089898053754
0 0.2857672349888806 0.04865616311399444 0.021497405485544848 0.028730305838739572
5 0.03187546330615271 0.3887859128822984 0.017790956263899184 0.025023169601482854
5 0.007783543365455893 0.3035217794253939 0.014084507042253521 0.030583873957367932
5 0.3217197924388436 0.3336422613531047 0.0385470719051149 0.03892493049119555
