3 0.5011119347664937 0.4995366079703429 0.9918458117123795 0.9823911028730306
5 0.18235730170496664 0.8776645041705282 0.0385470719051149 0.0685820203892493
5 0.9262416604892513 0.8725671918443003 0.03187546330615271 0.05468025949953661
5 0.938472942920682 0.6371640407784986 0.031134173461823574 0.05097312326227989
5 0.9355077835433655 0.5157553290083411 0.0340993328391401 0.07692307692307693
5 0.5492957746478874 0.6037998146431881 0.020756115641215715 0.03614457831325301
5 0.8661971830985915 0.3489341983317887 0.09414381022979985 0.1010194624652456
5 0.9603409933283914 0.7701575532900834 0.06449221645663454 0.19462465245597776
5 0.911045218680504 0.5097312326227988 0.05930318754633061 0.1371640407784986
5 0.536693847294292 0.9810009267840594 0.10822831727205337 0.03429101019462465
0 0.38065233506300966 0.26274328081556997 0.1178650852483321 0.07877664504170528
0 0.49629355077835435 0.19138090824837814 0.05263157894736842 0.056533827618164965
0 0.4703484062268347 0.44439295644114923 0.03039288361749444 0.05097312326227989
0 0.656412157153447 0.1274328081556997 0.03187546330615271 0.056533827618164965
0 0.5945144551519644 0.14133456904541242 0.026686434395848776 0.04911955514365153
0 0.5518902891030393 0.16635773864689526 0.025945144551519646 0.03429101019462465
0 0.7335063009636767 0.11492122335495829 0.07042253521126761 0.04819277108433735
0 0.8276501111934766 0.1010194624652456 0.06893995552260934 0.061167747914735865
0 0.9077094143810229 0.11862835959221502 0.06893995552260934 0.13901760889712697
0 0.8914010378057821 0.24189063948100092 0.06745737583395107 0.10009267840593142
0 0.8332097850259451 0.15430954587581094 0.02223869532987398 0.04170528266913809
0 0.6489992587101556 0.6533827618164968 0.04373610081541883 0.05004633920296571
0 0.5856189770200149 0.5217794253938832 0.02223869532987398 0.04077849860982391
0 0.26723498888065234 0.6051899907321594 0.03187546330615271 0.05375347544022243
0 0.5415122312824314 0.4031510658016682 0.021497405485544848 0.03151065801668211
