5 0.7001953125 0.59375 0.033203125 0.0546875
5 0.8173828125 0.625 0.033203125 0.046875
5 0.8447265625 0.6572265625 0.029296875 0.044921875
5 0.7734375 0.6904296875 0.02734375 0.041015625
5 0.6923828125 0.7451171875 0.044921875 0.041015625
5 0.689453125 0.8349609375 0.02734375 0.044921875
5 0.1826171875 0.1142578125 0.087890625 0.076171875
5 0.1484375 0.4619140625 0.04296875 0.048828125
0 0.123046875 0.4111328125 0.05859375 0.056640625
0 0.11328125 0.46484375 0.0390625 0.04296875
0 0.2099609375 0.41796875 0.041015625 0.0390625
0 0.2822265625 0.576171875 0.072265625 0.08203125
0 0.283203125 0.859375 0.04296875 0.06640625
0 0.4052734375 0.6494140625 0.037109375 0.041015625
0 0.4794921875 0.8251953125 0.060546875 0.048828125
0 0.494140625 0.7822265625 0.04296875 0.037109375
0 0.4140625 0.8486328125 0.09765625 0.158203125
2 0.8330078125 0.4462890625 0.037109375 0.041015625
2 0.8271484375 0.4951171875 0.029296875 0.048828125
2 0.265625 0.6669921875 0.04296875 0.025390625
2 0.6318359375 0.677734375 0.064453125 0.0703125
5 0.6337890625 0.0693359375 0.033203125 0.041015625
5 0.5986328125 0.1103515625 0.033203125 0.041015625
5 0.5107421875 0.8681640625 0.041015625 0.037109375
5 0.478515625 0.828125 0.04296875 0.046875
5 0.7216796875 0.5380859375 0.041015625 0.048828125
