2 0.23940677966101695 0.1372745490981964 0.3220338983050847 0.09418837675350701
6 0.527542372881356 0.4088176352705411 0.8686440677966102 0.7254509018036072
1 0.19385593220338984 0.561122244488978 0.24364406779661016 0.35671342685370744
1 0.7838983050847458 0.6292585170340681 0.2966101694915254 0.34468937875751504
1 0.576271186440678 0.8466933867735471 0.1694915254237288 0.11823647294589178
0 0.826271186440678 0.3016032064128257 0.17796610169491525 0.22645290581162325
0 0.7711864406779662 0.44789579158316634 0.08898305084745763 0.07414829659318638
0 0.2245762711864407 0.29158316633266534 0.16101694915254236 0.24248496993987975
2 0.5508474576271186 0.47194388777555113 0.1228813559322034 0.10220440881763528
2 0.5444915254237288 0.5811623246492986 0.025423728813559324 0.30861723446893785
