0 0.4810971089696071 0.8072289156626506 0.025203854707190512 0.04077849860982391
0 0.5277983691623425 0.8234476367006488 0.02223869532987398 0.028730305838739572
0 0.5630096367679763 0.8127896200185357 0.034840622683469234 0.05004633920296571
0 0.5478131949592291 0.8767377201112141 0.023721275018532245 0.025949953660797033
0 0.6241660489251297 0.8049119555143651 0.0385470719051149 0.03614457831325301
0 0.6578947368421053 0.7873030583873958 0.022979985174203115 0.028730305838739572
0 0.6916234247590808 0.7544022242817423 0.04447739065974796 0.042632066728452274
0 0.6779095626389918 0.9142724745134384 0.02742772424017791 0.03614457831325301
0 0.8914010378057821 0.8892493049119555 0.03187546330615271 0.03429101019462465
0 0.8005930318754633 0.4976830398517145 0.017790956263899184 0.024096385542168676
0 0.8054114158636027 0.5329008341056534 0.02742772424017791 0.025949953660797033
0 0.5118606375092661 0.5398517145505097 0.0452186805040771 0.04911955514365153
0 0.6289844329132691 0.6112140871177015 0.05114899925871016 0.03429101019462465
0 0.7472201630837657 0.16357738646895273 0.1497405485544848 0.028730305838739572
0 0.6193476649369903 0.17516218721038 0.07783543365455893 0.024096385542168676
0 0.9603409933283914 0.18072289156626506 0.034840622683469234 0.06302131603336422
0 0.9206819866567828 0.18906394810009267 0.017790956263899184 0.022242817423540315
0 0.5311341734618236 0.23215940685820205 0.03187546330615271 0.03985171455050973
0 0.575240919199407 0.23169601482854496 0.0340993328391401 0.027803521779425393
0 0.2575982209043736 0.6232622798887859 0.028910303928836176 0.04170528266913809
0 0.2887323943661972 0.6065801668211307 0.02742772424017791 0.03614457831325301
0 0.3028169014084507 0.5708989805375347 0.04225352112676056 0.029657089898053754
0 0.28131949592290584 0.5245597775718258 0.04670126019273536 0.05375347544022243
0 0.34544106745737585 0.540778498609824 0.023721275018532245 0.030583873957367932
0 0.42772424017790955 0.4309545875810936 0.0385470719051149 0.051899907321594066
0 0.40400296515937734 0.47312326227988877 0.025203854707190512 0.028730305838739572
0 0.11638250555967383 0.6705282669138091 0.04151223128243143 0.056533827618164965
0 0.1475166790214974 0.6204819277108434 0.017790956263899184 0.028730305838739572
0 0.597479614529281 0.34754402224281744 0.017790956263899184 0.022242817423540315
0 0.4536693847294292 0.30213160333642264 0.01927353595255745 0.016682113067655237
0 0.47368421052631576 0.32252085264133457 0.020756115641215715 0.020389249304911955
0 0.507783543365456 0.283595922150139 0.023721275018532245 0.025949953660797033
0 0.5871015567086731 0.9462465245597775 0.01927353595255745 0.024096385542168676
0 0.19014084507042253 0.025486561631139944 0.03187546330615271 0.03429101019462465
0 0.22942920681986656 0.06487488415199258 0.02446256486286138 0.024096385542168676
0 0.2568569310600445 0.032900834105653386 0.01704966641957005 0.03614457831325301
0 0.2765011119347665 0.023632993512511583 0.020756115641215715 0.021316033364226137
0 0.12638991845811712 0.12928637627432807 0.02446256486286138 0.023169601482854494
0 0.12972572275759822 0.18396663577386468 0.023721275018532245 0.03614457831325301
0 0.7753891771682728 0.6737720111214087 0.013343217197924388 0.022242817423540315
0 0.751297257227576 0.7275254865616312 0.012601927353595256 0.022242817423540315
0 0.8117123795404003 0.7238183503243745 0.037064492216456635 0.042632066728452274
1 0.29429206819866566 0.5713623725671918 0.1541882876204596 0.17516218721038
1 0.40400296515937734 0.4397590361445783 0.17346182357301704 0.15477293790546803
1 0.20607857672349889 0.696014828544949 0.11860637509266123 0.11862835959221502
5 0.4362490733876946 0.8206672845227062 0.028910303928836176 0.03429101019462465
5 0.9558932542624166 0.6524559777571826 0.02742772424017791 0.03151065801668211
5 0.9280948851000741 0.6746987951807228 0.01927353595255745 0.027803521779425393
5 0.9021497405485545 0.6719184430027804 0.01927353595255745 0.025949953660797033
5 0.17234988880652335 0.9550509731232623 0.054114158636026685 0.05838739573679333
5 0.7175685693106004 0.5134383688600556 0.0385470719051149 0.024096385542168676
5 0.031134173461823574 0.23169601482854496 0.03558191252779837 0.0685820203892493
5 0.2761304670126019 0.8790546802594995 0.02446256486286138 0.03429101019462465
5 0.6893995552260934 0.8498609823911029 0.031134173461823574 0.04819277108433735
5 0.8042994810971089 0.7817423540315107 0.028169014084507043 0.03429101019462465
5 0.5392883617494441 0.9902687673772012 0.028910303928836176 0.015755329008341055
5 0.64529280948851 0.025949953660797033 0.022979985174203115 0.025949953660797033
0 0.5848776871756857 0.6779425393883225 0.04595997034840623 0.037998146431881374
0 0.7909562638991846 0.6394810009267841 0.017790956263899184 0.029657089898053754
5 0.7746478873239436 0.6746987951807228 0.020756115641215715 0.020389249304911955
5 0.7516679021497406 0.7289156626506024 0.017790956263899184 0.023169601482854494
5 0.8124536693847294 0.7238183503243745 0.0385470719051149 0.04633920296570899
5 0.793180133432172 0.6385542168674698 0.02223869532987398 0.03151065801668211
5 0.6412157153446998 0.8535681186283596 0.017790956263899184 0.020389249304911955
5 0.6489992587101556 0.8799814643188137 0.033358042994810974 0.028730305838739572
5 0.5611564121571534 0.906858202038925 0.01927353595255745 0.017608897126969416
5 0.41141586360266863 0.8549582947173309 0.023721275018532245 0.017608897126969416
5 0.5815418828762046 0.6760889712696941 0.04373610081541883 0.03429101019462465
5 0.8350630096367679 0.17377201112140872 0.012601927353595256 0.019462465245597776
