5 0.24833209785025945 0.3206672845227062 0.037064492216456635 0.05375347544022243
5 0.2968865826538176 0.3025949953660797 0.033358042994810974 0.05838739573679333
5 0.3317272053372869 0.34198331788693237 0.039288361749444035 0.061167747914735865
5 0.26278724981467755 0.40129749768303985 0.10155670867309118 0.11862835959221502
5 0.20978502594514456 0.36793327154772937 0.0340993328391401 0.04819277108433735
5 0.15455893254262418 0.3873957367933272 0.060044477390659746 0.07414272474513438
5 0.12083024462564863 0.371177015755329 0.026686434395848776 0.037998146431881374
5 0.10934025203854707 0.40129749768303985 0.03039288361749444 0.05004633920296571
4 0.3825055596738325 0.670064874884152 0.08154188287620459 0.11121408711770157
0 0.4447739065974796 0.6399443929564411 0.04595997034840623 0.047265987025023166
0 0.31801334321719793 0.742354031510658 0.031134173461823574 0.04819277108433735
0 0.37361008154188285 0.8067655236329935 0.11712379540400296 0.10472659870250231
0 0.312824314306894 0.8906394810009268 0.017790956263899184 0.025949953660797033
0 0.3365455893254262 0.9323447636700649 0.02223869532987398 0.04448563484708063
0 0.08598962194217939 0.6019462465245597 0.025203854707190512 0.05838739573679333
0 0.03261675315048184 0.6691380908248378 0.04892512972572276 0.04077849860982391
0 0.07079318013343217 0.6723818350324374 0.021497405485544848 0.026876737720111215
0 0.025203854707190512 0.8169601482854495 0.014825796886582653 0.060240963855421686
0 0.046330615270570794 0.7757182576459685 0.014084507042253521 0.04633920296570899
0 0.15567086730911786 0.567191844300278 0.01927353595255745 0.029657089898053754
0 0.1949592290585619 0.4916589434661724 0.020756115641215715 0.028730305838739572
0 0.31319495922905854 0.5083410565338277 0.04373610081541883 0.05838739573679333
0 0.35656041512231285 0.40222428174235403 0.017790956263899184 0.024096385542168676
0 0.35174203113417346 0.4258572752548656 0.03039288361749444 0.04170528266913809
0 0.32987398072646407 0.42493049119555143 0.01630837657524092 0.025023169601482854
0 0.29058561897702 0.40129749768303985 0.023721275018532245 0.042632066728452274
0 0.2605633802816901 0.3600556070435589 0.025945144551519646 0.028730305838739572
0 0.24833209785025945 0.31278962001853566 0.011860637509266123 0.030583873957367932
0 0.2049666419570052 0.3178869323447637 0.02446256486286138 0.020389249304911955
0 0.125648628613788 0.2812789620018536 0.018532246108228317 0.019462465245597776
0 0.11008154188287621 0.31047265987025024 0.025945144551519646 0.029657089898053754
0 0.08005930318754632 0.34986098239110286 0.017790956263899184 0.03614457831325301
0 0.0782060785767235 0.3943466172381835 0.028910303928836176 0.03985171455050973
0 0.07338769458858414 0.4629286376274328 0.01927353595255745 0.03614457831325301
0 0.0452186805040771 0.5064874884151993 0.017790956263899184 0.017608897126969416
0 0.06263899184581172 0.5176088971269694 0.018532246108228317 0.028730305838739572
0 0.17234988880652335 0.37025023169601484 0.014084507042253521 0.028730305838739572
0 0.156412157153447 0.36515291936978683 0.023721275018532245 0.018535681186283594
0 0.1541882876204596 0.38924930491195553 0.01630837657524092 0.025949953660797033
0 0.18124536693847293 0.33086190917516217 0.015567086730911787 0.022242817423540315
4 0.14529280948851 0.15291936978683968 0.2698295033358043 0.26876737720111216
