0 0.5808005930318755 0.2284522706209453 0.1697553743513714 0.13067655236329936
0 0.6434395848776872 0.6102873030583874 0.08302446256486286 0.03614457831325301
0 0.5415122312824314 0.032900834105653386 0.10452186805040771 0.0639481000926784
0 0.5381764269829503 0.10287303058387395 0.026686434395848776 0.04819277108433735
0 0.5985915492957746 0.453660797034291 0.07338769458858414 0.03614457831325301
0 0.6708673091178651 0.35959221501390176 0.02223869532987398 0.03892493049119555
0 0.5478131949592291 0.4541241890639481 0.011860637509266123 0.029657089898053754
0 0.5719051148999259 0.4879518072289157 0.04373610081541883 0.03614457831325301
0 0.5689399555226093 0.5880444856348471 0.014084507042253521 0.023169601482854494
0 0.7494440326167532 0.43744207599629287 0.01630837657524092 0.020389249304911955
0 0.24017790956263899 0.1876737720111214 0.01927353595255745 0.03243744207599629
0 0.2720533728687917 0.18674698795180722 0.01630837657524092 0.021316033364226137
0 0.2127501853224611 0.23076923076923078 0.01630837657524092 0.018535681186283594
0 0.36063750926612304 0.1283595922150139 0.028910303928836176 0.021316033364226137
0 0.7713120830244625 0.08989805375347544 0.01704966641957005 0.018535681186283594
5 0.6690140845070423 0.9031510658016683 0.025945144551519646 0.037998146431881374
5 0.5544848035581913 0.33549582947173306 0.017790956263899184 0.022242817423540315
5 0.6241660489251297 0.37720111214087115 0.013343217197924388 0.020389249304911955
5 0.5945144551519644 0.12326227988878591 0.04002965159377316 0.04077849860982391
5 0.5978502594514455 0.0917516218721038 0.02742772424017791 0.025949953660797033
5 0.7698295033358044 0.08943466172381835 0.03039288361749444 0.03614457831325301
5 0.7483320978502594 0.43697868396663575 0.025945144551519646 0.03614457831325301
5 0.6723498888065234 0.3577386468952734 0.03261675315048184 0.05004633920296571
5 0.6408450704225352 0.607970342910102 0.08228317272053373 0.04448563484708063
5 0.5874722016308377 0.4712696941612604 0.10303928836174944 0.08433734939759036
5 0.6864343958487769 0.7933271547729379 0.04002965159377316 0.05560704355885079
5 0.8958487768717569 0.5254865616311399 0.022979985174203115 0.020389249304911955
5 0.8932542624166049 0.26042632066728455 0.017790956263899184 0.024096385542168676
5 0.25833951074870276 0.3535681186283596 0.02446256486286138 0.026876737720111215
5 0.16234247590808007 0.34661723818350326 0.020756115641215715 0.027803521779425393
5 0.3602668643439585 0.1283595922150139 0.03558191252779837 0.030583873957367932
5 0.2535211267605634 0.18582020389249304 0.05930318754633061 0.04355885078776645
5 0.21237954040029652 0.2289156626506024 0.028910303928836176 0.029657089898053754
0 0.5952557449962935 0.12557924003707135 0.04151223128243143 0.03614457831325301
0 0.4844329132690882 0.1705282669138091 0.025945144551519646 0.022242817423540315
1 0.0670867309117865 0.6807228915662651 0.12972572275759822 0.6200185356811863
1 0.3065233506300964 0.8544949026876738 0.3491475166790215 0.2873030583873957
