0 0.6360266864343959 0.47868396663577384 0.020756115641215715 0.030583873957367932
0 0.6649369903632321 0.45736793327154773 0.020756115641215715 0.028730305838739572
0 0.7005189028910304 0.4763670064874884 0.014825796886582653 0.022242817423540315
0 0.6957005189028911 0.4341983317886932 0.01111934766493699 0.021316033364226137
0 0.712750185322461 0.4569045412418906 0.012601927353595256 0.020389249304911955
0 0.7279466271312083 0.20481927710843373 0.026686434395848776 0.042632066728452274
0 0.7835433654558932 0.17701575532900835 0.013343217197924388 0.025949953660797033
0 0.7824314306893996 0.21316033364226136 0.014084507042253521 0.022242817423540315
0 0.670126019273536 0.24652455977757182 0.014825796886582653 0.024096385542168676
0 0.6849518161601186 0.20481927710843373 0.01927353595255745 0.022242817423540315
0 0.6819866567828021 0.15338276181649677 0.01630837657524092 0.015755329008341055
0 0.7272053372868792 0.13021316033364227 0.02223869532987398 0.04541241890639481
0 0.7664936990363233 0.08341056533827618 0.017790956263899184 0.020389249304911955
0 0.7664936990363233 0.11584800741427248 0.011860637509266123 0.022242817423540315
0 0.7134914751667902 0.06255792400370713 0.021497405485544848 0.03243744207599629
0 0.6530763528539659 0.042632066728452274 0.02223869532987398 0.024096385542168676
0 0.6022979985174203 0.24003707136237257 0.02446256486286138 0.03151065801668211
0 0.5856189770200149 0.3253012048192771 0.01927353595255745 0.018535681186283594
1 0.114529280948851 0.4198331788693234 0.229058561897702 0.8063021316033364
2 0.020385470719051148 0.9471733086190918 0.040770941438102296 0.08341056533827618
