4 0.8180133432171979 0.49351251158480075 0.3328391401037806 0.953660797034291
0 0.35656041512231285 0.20759962928637626 0.05930318754633061 0.05375347544022243
0 0.08302446256486286 0.20759962928637626 0.05189028910303929 0.04633920296570899
0 0.20681986656782803 0.05375347544022243 0.03558191252779837 0.018535681186283594
0 0.24573758339510748 0.027803521779425393 0.0452186805040771 0.04633920296570899
0 0.28687916975537436 0.011584800741427247 0.056338028169014086 0.021316033364226137
0 0.2716827279466271 0.768303985171455 0.039288361749444035 0.04819277108433735
0 0.06671608598962195 0.6672845227062094 0.04447739065974796 0.07599629286376275
0 0.19977761304670125 0.8822984244670992 0.04373610081541883 0.042632066728452274
0 0.2605633802816901 0.897126969416126 0.07042253521126761 0.04448563484708063
0 0.3083765752409192 0.959221501390176 0.13046701260192736 0.07043558850787766
1 0.20348406226834692 0.9105653382761817 0.3313565604151223 0.16404077849860982
3 0.5240919199406968 0.5185356811862836 0.8465530022238695 0.9147358665430955
2 0.014455151964418088 0.7205746061167748 0.02446256486286138 0.08619091751621873
