4 0.6738324684951816 0.15013901760889714 0.3469236471460341 0.2798887859128823
4 0.7479614529280949 0.43373493975903615 0.12157153446997776 0.2798887859128823
5 0.6152705707931801 0.8151065801668211 0.031134173461823574 0.03243744207599629
5 0.7216456634544107 0.9416126042632067 0.02742772424017791 0.04633920296570899
1 0.18421052631578946 0.22335495829471733 0.3684210526315789 0.44670991658943465
0 0.38954781319495924 0.8628359592215014 0.028910303928836176 0.022242817423540315
0 0.44106745737583397 0.8665430954587581 0.03558191252779837 0.018535681186283594
0 0.8732394366197183 0.6978683966635774 0.03261675315048184 0.05004633920296571
0 0.9080800593031876 0.608433734939759 0.020756115641215715 0.03243744207599629
0 0.8276501111934766 0.37256719184430026 0.02446256486286138 0.04448563484708063
0 0.902520385470719 0.19879518072289157 0.03187546330615271 0.03429101019462465
0 0.8472942920681986 0.2057460611677479 0.01927353595255745 0.03707136237256719
0 0.8532246108228317 0.04402224281742354 0.023721275018532245 0.037998146431881374
0 0.8187546330615271 0.015755329008341055 0.022979985174203115 0.025949953660797033
0 0.7505559673832468 0.08989805375347544 0.014084507042253521 0.025949953660797033
0 0.7642698295033358 0.12326227988878591 0.013343217197924388 0.024096385542168676
0 0.7361008154188288 0.04494902687673772 0.017790956263899184 0.03243744207599629
0 0.7220163083765753 0.9369786839666358 0.01927353595255745 0.03892493049119555
0 0.617123795404003 0.8113994439295644 0.021497405485544848 0.025023169601482854
0 0.7231282431430689 0.5690454124189064 0.033358042994810974 0.06302131603336422
0 0.7705707931801334 0.6728452270620945 0.02001482579688658 0.027803521779425393
0 0.815418828762046 0.7182576459684893 0.01630837657524092 0.025949953660797033
5 0.7501853224610823 0.15940685820203893 0.020756115641215715 0.027803521779425393
5 0.6578947368421053 0.018072289156626505 0.028910303928836176 0.03429101019462465
5 0.9584877687175686 0.27710843373493976 0.01630837657524092 0.025949953660797033
5 0.7690882134914752 0.6728452270620945 0.015567086730911787 0.024096385542168676
5 0.8157894736842105 0.7201112140871178 0.012601927353595256 0.022242817423540315
5 0.6104521868050408 0.9726598702502317 0.03039288361749444 0.03243744207599629
5 0.6460340993328392 0.8419833178869324 0.0363232023721275 0.03243744207599629
5 0.5229799851742031 0.9318813716404077 0.054114158636026685 0.03614457831325301
5 0.8717568569310601 0.9601482854494903 0.025203854707190512 0.03151065801668211
5 0.14825796886582654 0.9101019462465245 0.02223869532987398 0.024096385542168676
5 0.5937731653076352 0.9388322520852641 0.01927353595255745 0.022242817423540315
5 0.9514455151964418 0.5630213160333642 0.02446256486286138 0.026876737720111215
