6 0.2093425605536332 0.6963220675944334 0.4083044982698962 0.39065606361829025
0 0.4437716262975779 0.6476143141153081 0.0328719723183391 0.05268389662027833
0 0.4788062283737024 0.6381709741550696 0.028546712802768166 0.033797216699801194
0 0.5216262975778547 0.5899602385685885 0.031141868512110725 0.04473161033797217
2 0.14749134948096887 0.5357852882703777 0.08044982698961937 0.04771371769383698
2 0.3161764705882353 0.6098409542743539 0.07006920415224914 0.06262425447316103
4 0.4108996539792388 0.41898608349900596 0.2231833910034602 0.20576540755467196
2 0.597318339100346 0.43389662027833004 0.19117647058823528 0.34095427435387676
2 0.9022491349480969 0.13369781312127235 0.07612456747404844 0.11829025844930417
1 0.16089965397923875 0.08250497017892644 0.24740484429065743 0.15308151093439365
2 0.4312283737024221 0.1595427435387674 0.15657439446366783 0.09443339960238568
2 0.45501730103806226 0.27634194831013914 0.12629757785467127 0.11133200795228629
0 0.9048442906574394 0.14015904572564614 0.02768166089965398 0.08946322067594434
