2 0.021868050407709415 0.9481000926784059 0.04373610081541883 0.08897126969416126
0 0.6349147516679021 0.4555143651529194 0.02446256486286138 0.028730305838739572
0 0.6612305411415864 0.45597775718257644 0.01630837657524092 0.025949953660797033
0 0.6330615270570793 0.5940685820203893 0.0340993328391401 0.024096385542168676
0 0.5663454410674573 0.6204819277108434 0.01630837657524092 0.012048192771084338
0 0.5737583395107487 0.6385542168674698 0.020756115641215715 0.020389249304911955
0 0.5848776871756857 0.6589434661723819 0.020756115641215715 0.024096385542168676
0 0.5959970348406227 0.6955514365152919 0.020756115641215715 0.037998146431881374
0 0.5637509266123054 0.7066728452270621 0.014084507042253521 0.028730305838739572
0 0.5277983691623425 0.8929564411492122 0.01630837657524092 0.030583873957367932
0 0.5730170496664195 0.9198331788693235 0.01927353595255745 0.056533827618164965
0 0.5518902891030393 0.9833178869323448 0.034840622683469234 0.029657089898053754
0 0.45478131949592293 0.8962001853568119 0.03039288361749444 0.020389249304911955
0 0.5678280207561156 0.41427247451343835 0.02223869532987398 0.025949953660797033
0 0.5326167531504818 0.42910101946246526 0.028910303928836176 0.024096385542168676
0 0.5248332097850259 0.22798887859128822 0.01927353595255745 0.020389249304911955
0 0.530763528539659 0.2571825764596849 0.03558191252779837 0.026876737720111215
5 0.5159377316530763 0.6482854494902688 0.023721275018532245 0.03243744207599629
5 0.5277983691623425 0.4230769230769231 0.02223869532987398 0.025023169601482854
1 0.07301704966641957 0.4101019462465246 0.14455151964418086 0.5125115848007414
