4 0.5224775224775224 0.3979083665338645 0.7332667332667333 0.3336653386454183
0 0.20929070929070928 0.17778884462151395 0.05094905094905095 0.04083665338645418
0 0.5469530469530469 0.11752988047808766 0.15284715284715283 0.08167330677290836
0 0.5364635364635365 0.1698207171314741 0.029970029970029972 0.0249003984063745
0 0.12737262737262736 0.0398406374501992 0.06693306693306693 0.06374501992031872
0 0.42357642357642356 0.026892430278884463 0.023976023976023976 0.017928286852589643
0 0.44105894105894106 0.05079681274900399 0.026973026973026972 0.027888446215139442
0 0.5084915084915085 0.036354581673306775 0.03796203796203796 0.0249003984063745
0 0.563936063936064 0.05826693227091633 0.03696303696303696 0.02888446215139442
0 0.6098901098901099 0.0199203187250996 0.030969030969030968 0.0199203187250996
0 0.6113886113886113 0.052788844621513946 0.03396603396603397 0.02390438247011952
0 0.6313686313686314 0.07221115537848606 0.029970029970029972 0.018924302788844622
0 0.6638361638361638 0.07619521912350598 0.04095904095904096 0.07270916334661355
0 0.6953046953046953 0.11902390438247012 0.1038961038961039 0.04282868525896414
0 0.6403596403596403 0.16384462151394422 0.025974025974025976 0.022908366533864542
0 0.6873126873126874 0.16633466135458166 0.01998001998001998 0.021912350597609563
0 0.6898101898101898 0.1897410358565737 0.024975024975024976 0.0249003984063745
0 0.7147852147852148 0.16185258964143426 0.026973026973026972 0.022908366533864542
0 0.7247752247752248 0.18675298804780877 0.024975024975024976 0.026892430278884463
0 0.7517482517482518 0.19322709163346613 0.030969030969030968 0.049800796812749
0 0.7857142857142857 0.17878486055776893 0.03496503496503497 0.04282868525896414
0 0.44155844155844154 0.41832669322709165 0.0979020979020979 0.05976095617529881
0 0.37312687312687315 0.5054780876494024 0.03296703296703297 0.04880478087649402
0 0.01848151848151848 0.62699203187251 0.026973026973026972 0.052788844621513946
0 0.015984015984015984 0.6892430278884463 0.02197802197802198 0.07171314741035857
1 0.046453546453546456 0.49203187250996017 0.08091908091908091 0.1254980079681275
0 0.3036963036963037 0.9252988047808764 0.12787212787212787 0.045816733067729085
0 0.3946053946053946 0.8884462151394422 0.023976023976023976 0.027888446215139442
0 0.12687312687312688 0.8520916334661355 0.04795204795204795 0.0348605577689243
0 0.14235764235764237 0.9546812749003984 0.030969030969030968 0.030876494023904383
0 0.13686313686313686 0.973605577689243 0.023976023976023976 0.026892430278884463
0 0.7667332667332667 0.7470119521912351 0.056943056943056944 0.10159362549800798
0 0.3356643356643357 0.6762948207171314 0.03196803196803197 0.027888446215139442
0 0.5954045954045954 0.9058764940239044 0.027972027972027972 0.0249003984063745
0 0.8431568431568431 0.9606573705179283 0.16783216783216784 0.05677290836653386
0 0.9405594405594405 0.8461155378486056 0.03296703296703297 0.052788844621513946
0 0.9135864135864136 0.6643426294820717 0.03496503496503497 0.02390438247011952
0 0.9145854145854145 0.6872509960159362 0.022977022977022976 0.021912350597609563
0 0.958041958041958 0.670816733067729 0.03396603396603397 0.0348605577689243
0 0.9335664335664335 0.6299800796812749 0.028971028971028972 0.04083665338645418
0 0.6638361638361638 0.9277888446215139 0.03296703296703297 0.026892430278884463
0 0.7037962037962038 0.9731075697211156 0.04095904095904096 0.035856573705179286
