0 0.21756856931060045 0.7122335495829472 0.034840622683469234 0.03429101019462465
0 0.2761304670126019 0.9244670991658943 0.060044477390659746 0.08063021316033364
0 0.23535952557449963 0.598239110287303 0.04225352112676056 0.060240963855421686
0 0.2746478873239437 0.6102873030583874 0.02446256486286138 0.028730305838739572
0 0.2727946627131208 0.432808155699722 0.023721275018532245 0.027803521779425393
0 0.22868791697553745 0.38785912882298423 0.022979985174203115 0.026876737720111215
0 0.24388435878428466 0.2428174235403151 0.023721275018532245 0.022242817423540315
0 0.07524091919940697 0.8841519925857275 0.03039288361749444 0.04819277108433735
0 0.07894736842105263 0.7974976830398517 0.025945144551519646 0.04355885078776645
0 0.11601186063750926 0.7289156626506024 0.025945144551519646 0.047265987025023166
0 0.335063009636768 0.8266913809082483 0.03558191252779837 0.06672845227062095
0 0.3636026686434396 0.7761816496756255 0.028910303928836176 0.03429101019462465
0 0.6089696071163825 0.9161260426320668 0.02446256486286138 0.05282669138090825
0 0.5759822090437361 0.9652455977757183 0.03261675315048184 0.03429101019462465
0 0.9447739065974796 0.5013901760889713 0.06597479614529281 0.09267840593141798
0 0.6534469977761305 0.2761816496756256 0.025945144551519646 0.03707136237256719
0 0.6819866567828021 0.3220574606116775 0.03261675315048184 0.056533827618164965
0 0.9062268346923648 0.36932344763670066 0.17568569310600446 0.15106580166821132
0 0.7438843587842846 0.3211306765523633 0.14603409933283915 0.267840593141798
0 0.4911045218680504 0.5435588507877664 0.025945144551519646 0.03243744207599629
0 0.4696071163825056 0.6306765523632993 0.025945144551519646 0.03243744207599629
0 0.25611564121571534 0.5296570898980537 0.028910303928836176 0.03243744207599629
0 0.012601927353595256 0.20667284522706209 0.020756115641215715 0.025949953660797033
1 0.5277983691623425 0.12326227988878591 0.9325426241660489 0.24652455977757182
0 0.5678280207561156 0.19555143651529194 0.20311341734618235 0.1334569045412419
0 0.0715344699777613 0.13670064874884152 0.06745737583395107 0.08619091751621873
5 0.39621942179392144 0.7669138090824837 0.048183839881393624 0.060240963855421686
5 0.35804299481097107 0.9253938832252085 0.026686434395848776 0.03429101019462465
5 0.11712379540400296 0.7298424467099166 0.023721275018532245 0.04541241890639481
5 0.07783543365455893 0.7974976830398517 0.02223869532987398 0.03243744207599629
5 0.0748702742772424 0.8836886005560705 0.020756115641215715 0.03985171455050973
5 0.05856189770200148 0.8225208526413346 0.02223869532987398 0.030583873957367932
5 0.27390659747961454 0.9267840593141798 0.05114899925871016 0.07043558850787766
5 0.575240919199407 0.9624652455977757 0.031134173461823574 0.03985171455050973
5 0.6085989621942179 0.917516218721038 0.020756115641215715 0.04633920296570899
5 0.49406968124536693 0.5393883225208527 0.025945144551519646 0.04448563484708063
5 0.47071905114899926 0.6320667284522706 0.031134173461823574 0.04077849860982391
5 0.22868791697553745 0.3860055607043559 0.018532246108228317 0.026876737720111215
5 0.24166048925129727 0.24003707136237257 0.02223869532987398 0.03151065801668211
5 0.011860637509266123 0.20667284522706209 0.01927353595255745 0.029657089898053754
5 0.04002965159377316 0.15848007414272475 0.020756115641215715 0.03892493049119555
5 0.08339510748702743 0.13531047265987026 0.06597479614529281 0.05560704355885079
5 0.1178650852483321 0.19184430027803523 0.03261675315048184 0.04448563484708063
5 0.0793180133432172 0.21872103799814643 0.04151223128243143 0.042632066728452274
5 0.5537435137138621 0.4721964782205746 0.01927353595255745 0.030583873957367932
5 0.5681986656782803 0.19601482854494903 0.19644180874722017 0.13253012048192772
5 0.7472201630837657 0.3063021316033364 0.15270570793180133 0.24189063948100092
5 0.9117865085248332 0.4170528266913809 0.17346182357301704 0.25393883225208524
5 0.8943661971830986 0.48980537534754404 0.20830244625648628 0.26969416126042633
