0 0.7979985174203114 0.21686746987951808 0.022979985174203115 0.03892493049119555
0 0.7983691623424759 0.25301204819277107 0.020756115641215715 0.018535681186283594
0 0.782060785767235 0.2692307692307692 0.01630837657524092 0.013901760889712697
0 0.7761304670126019 0.21872103799814643 0.017790956263899184 0.022242817423540315
0 0.7101556708673091 0.18906394810009267 0.031134173461823574 0.04633920296570899
0 0.7327650111193477 0.1645041705282669 0.014084507042253521 0.021316033364226137
0 0.6708673091178651 0.17377201112140872 0.01927353595255745 0.019462465245597776
0 0.6745737583395107 0.20389249304911955 0.017790956263899184 0.016682113067655237
0 0.8261675315048184 0.340129749768304 0.02742772424017791 0.024096385542168676
0 0.748702742772424 0.29610750695088045 0.023721275018532245 0.03243744207599629
0 0.737583395107487 0.33086190917516217 0.031134173461823574 0.027803521779425393
0 0.7142327650111193 0.3614457831325301 0.018532246108228317 0.025949953660797033
0 0.6619718309859155 0.36190917516218724 0.026686434395848776 0.017608897126969416
0 0.5856189770200149 0.35495829471733087 0.02223869532987398 0.020389249304911955
0 0.69236471460341 0.3526413345690454 0.017790956263899184 0.023169601482854494
0 0.8454410674573758 0.5912882298424467 0.02446256486286138 0.04633920296570899
0 0.8220904373610082 0.4161260426320667 0.01630837657524092 0.022242817423540315
0 0.8194959229058562 0.4633920296570899 0.00815418828762046 0.020389249304911955
0 0.2713120830244626 0.4272474513438369 0.017790956263899184 0.020389249304911955
0 0.18458117123795403 0.4522706209453197 0.020756115641215715 0.022242817423540315
0 0.15270570793180133 0.46153846153846156 0.020756115641215715 0.016682113067655237
0 0.3065233506300964 0.15848007414272475 0.00815418828762046 0.022242817423540315
0 0.44662713120830244 0.4392956441149212 0.014084507042253521 0.024096385542168676
0 0.43106004447739066 0.43744207599629287 0.009636767976278725 0.020389249304911955
1 0.07524091919940697 0.6913809082483782 0.14899925871015568 0.6135310472659871
1 0.3413639733135656 0.8132530120481928 0.3832468495181616 0.3697868396663577
5 0.3002223869532987 0.1566265060240964 0.023721275018532245 0.029657089898053754
5 0.43773165307635287 0.43836886005560705 0.034840622683469234 0.05375347544022243
5 0.759822090437361 0.7164040778498609 0.11712379540400296 0.0685820203892493
5 0.9399555226093402 0.6473586654309545 0.08154188287620459 0.1102873030583874
5 0.4988880652335063 0.3517145505097312 0.08302446256486286 0.1102873030583874
5 0.17642698295033357 0.4545875810936052 0.072646404744255 0.13067655236329936
5 0.21979243884358785 0.3897126969416126 0.040770941438102296 0.06580166821130677
5 0.23684210526315788 0.4735866543095459 0.028910303928836176 0.04448563484708063
5 0.2679762787249815 0.48517145505097314 0.02742772424017791 0.03614457831325301
5 0.26241660489251295 0.4198331788693234 0.04447739065974796 0.07414272474513438
5 0.21015567086730913 0.4411492122335496 0.19792438843587842 0.2928637627432808
5 0.4592290585618977 0.7400370713623726 0.12083024462564863 0.09916589434661724
5 0.32431430689399554 0.7502316960148285 0.1430689399555226 0.11399443929564411
5 0.9521868050407709 0.47868396663577384 0.025945144551519646 0.03429101019462465
5 0.9217939214232765 0.4341983317886932 0.06449221645663454 0.082483781278962
5 0.5945144551519644 0.7284522706209453 0.020756115641215715 0.024096385542168676
5 0.734988880652335 0.5518999073215941 0.028910303928836176 0.03985171455050973
5 0.5492957746478874 0.8498609823911029 0.017790956263899184 0.024096385542168676
5 0.6693847294292068 0.17562557924003708 0.01630837657524092 0.023169601482854494
5 0.6753150481838399 0.20481927710843373 0.01927353595255745 0.025949953660797033
5 0.7086730911786508 0.18582020389249304 0.026686434395848776 0.05282669138090825
5 0.7327650111193477 0.16311399443929564 0.01111934766493699 0.024096385542168676
5 0.7994810971089696 0.21362372567191845 0.022979985174203115 0.03614457831325301
5 0.7790956263899185 0.2159406858202039 0.017790956263899184 0.027803521779425393
5 0.8246849518161601 0.33549582947173306 0.02742772424017791 0.033364226135310475
5 0.6627131208302446 0.366079703429101 0.025203854707190512 0.025949953660797033
