0 0.6927353595255745 0.5393883225208527 0.033358042994810974 0.07228915662650602
0 0.6823573017049667 0.6070435588507878 0.03187546330615271 0.05375347544022243
0 0.6523350630096367 0.5171455050973123 0.0340993328391401 0.07043558850787766
0 0.6334321719792438 0.6000926784059314 0.04670126019273536 0.1417979610750695
0 0.575240919199407 0.47034291010194623 0.020756115641215715 0.037998146431881374
0 0.5481838398813936 0.4138090824837813 0.02742772424017791 0.037998146431881374
0 0.5429948109710897 0.47405004633920295 0.021497405485544848 0.03429101019462465
0 0.5452186805040771 0.5152919369786839 0.028910303928836176 0.04819277108433735
0 0.5174203113417346 0.4712696941612604 0.023721275018532245 0.025023169601482854
0 0.505930318754633 0.5139017608897127 0.021497405485544848 0.03243744207599629
0 0.4444032616753151 0.6895273401297498 0.03187546330615271 0.042632066728452274
0 0.5596738324684952 0.6232622798887859 0.02223869532987398 0.026876737720111215
0 0.5559673832468495 0.6631139944392956 0.023721275018532245 0.03429101019462465
0 0.43773165307635287 0.5319740500463392 0.05856189770200148 0.16126042632066728
0 0.40548554484803556 0.4365152919369787 0.01927353595255745 0.05004633920296571
0 0.4255003706449222 0.6552363299351252 0.023721275018532245 0.04633920296570899
0 0.6886582653817642 0.1686746987951807 0.01927353595255745 0.022242817423540315
0 0.7316530763528539 0.12511584800741427 0.01630837657524092 0.024096385542168676
0 0.24722016308376576 0.5194624652455978 0.018532246108228317 0.028730305838739572
0 0.22312824314306895 0.5708989805375347 0.026686434395848776 0.033364226135310475
0 0.23424759080800592 0.6005560704355886 0.020756115641215715 0.024096385542168676
0 0.2520385470719051 0.5848007414272475 0.014825796886582653 0.05004633920296571
0 0.2676056338028169 0.5727525486561631 0.01927353595255745 0.06672845227062095
0 0.28910303928836173 0.726598702502317 0.020756115641215715 0.020389249304911955
0 0.2698295033358043 0.6607970342910102 0.017790956263899184 0.024096385542168676
0 0.2872498146775389 0.6645041705282669 0.014084507042253521 0.03707136237256719
0 0.30689399555226093 0.6737720111214087 0.023721275018532245 0.05375347544022243
0 0.3524833209785026 0.6663577386468953 0.015567086730911787 0.020389249304911955
0 0.2601927353595256 0.1793327154772938 0.031134173461823574 0.03243744207599629
0 0.6178650852483321 0.07182576459684893 0.025945144551519646 0.03429101019462465
0 0.5604151223128243 0.04077849860982391 0.017790956263899184 0.027803521779425393
0 0.5478131949592291 0.009731232622798888 0.023721275018532245 0.017608897126969416
0 0.6063750926612306 0.5134383688600556 0.01927353595255745 0.027803521779425393
0 0.8862120088954781 0.6172381835032438 0.022979985174203115 0.033364226135310475
1 0.11008154188287621 0.6149212233549582 0.21868050407709413 0.76274328081557
0 0.7705707931801334 0.31000926784059313 0.022979985174203115 0.03614457831325301
5 0.312824314306894 0.7706209453197405 0.020756115641215715 0.03429101019462465
5 0.2883617494440326 0.726598702502317 0.02223869532987398 0.024096385542168676
0 0.8602668643439585 0.5115848007414272 0.025945144551519646 0.027803521779425393
0 0.9225352112676056 0.7738646895273401 0.02446256486286138 0.022242817423540315
0 0.9154929577464789 0.8253012048192772 0.02223869532987398 0.03985171455050973
5 0.9143810229799851 0.8225208526413346 0.01704966641957005 0.026876737720111215
0 0.48295033358042994 0.540778498609824 0.025945144551519646 0.07506950880444857
0 0.5326167531504818 0.5922150139017609 0.018532246108228317 0.03151065801668211
0 0.5211267605633803 0.6214087117701576 0.01630837657524092 0.026876737720111215
0 0.47220163083765754 0.680259499536608 0.023721275018532245 0.04448563484708063
