0 0.5563380281690141 0.56209453197405 0.048183839881393624 0.05282669138090825
0 0.5904373610081541 0.4939759036144578 0.028910303928836176 0.024096385542168676
0 0.5963676797627873 0.5338276181649676 0.04670126019273536 0.04819277108433735
0 0.4933283914010378 0.5166821130676552 0.05263157894736842 0.047265987025023166
0 0.5088954781319496 0.1334569045412419 0.02742772424017791 0.04077849860982391
0 0.5463306152705708 0.10611677479147359 0.014825796886582653 0.030583873957367932
0 0.3117123795404003 0.019925857275254866 0.03039288361749444 0.03429101019462465
0 0.25945144551519644 0.06302131603336422 0.02223869532987398 0.027803521779425393
0 0.198295033358043 0.10333642261353104 0.028910303928836176 0.03243744207599629
0 0.13454410674573758 0.1742354031510658 0.03039288361749444 0.042632066728452274
0 0.2972572275759822 0.10658016682113068 0.017790956263899184 0.025949953660797033
0 0.3220904373610082 0.11631139944392957 0.015567086730911787 0.017608897126969416
0 0.38621200889547813 0.11399443929564411 0.02223869532987398 0.025949953660797033
0 0.4362490733876946 0.2159406858202039 0.022979985174203115 0.024096385542168676
0 0.4651593773165308 0.22984244670991658 0.012601927353595256 0.020389249304911955
0 0.03558191252779837 0.2798887859128823 0.01927353595255745 0.024096385542168676
0 0.15492957746478872 0.5088044485634847 0.01630837657524092 0.022242817423540315
0 0.14084507042253522 0.5268767377201112 0.017790956263899184 0.026876737720111215
0 0.5904373610081541 0.36190917516218724 0.03187546330615271 0.05838739573679333
0 0.5255744996293551 0.3160333642261353 0.017790956263899184 0.024096385542168676
0 0.44885100074128986 0.567191844300278 0.015567086730911787 0.025949953660797033
5 0.5585618977020015 0.5500463392029658 0.025945144551519646 0.028730305838739572
5 0.1882876204595997 0.6172381835032438 0.04151223128243143 0.042632066728452274
5 0.1475166790214974 0.5139017608897127 0.04595997034840623 0.05282669138090825
5 0.10007412898443291 0.603336422613531 0.02223869532987398 0.029657089898053754
5 0.0848776871756857 0.6329935125115848 0.021497405485544848 0.025949953660797033
5 0.07116382505559674 0.6682113067655236 0.02223869532987398 0.027803521779425393
5 0.2720533728687917 0.30908248378127895 0.04447739065974796 0.030583873957367932
5 0.13899184581171237 0.29842446709916587 0.048183839881393624 0.051899907321594066
5 0.05189028910303929 0.3336422613531047 0.04744255003706449 0.03892493049119555
5 0.04892512972572276 0.3790546802594995 0.03558191252779837 0.04819277108433735
5 0.030763528539659007 0.4184430027803522 0.05114899925871016 0.06209453197405004
5 0.2653817642698295 0.13438368860055608 0.05485544848035582 0.06672845227062095
5 0.22090437361008153 0.16543095458758109 0.0385470719051149 0.03614457831325301
5 0.4047442550037065 0.13160333642261354 0.10081541882876205 0.11677479147358666
5 0.42327650111193477 0.051899907321594066 0.12157153446997776 0.06672845227062095
5 0.35174203113417346 0.08294717330861909 0.04966641957005189 0.08433734939759036
5 0.4762787249814677 0.2738646895273401 0.025945144551519646 0.03243744207599629
5 0.1893995552260934 0.5375347544022243 0.04670126019273536 0.0685820203892493
5 0.33395107487027426 0.39156626506024095 0.02446256486286138 0.037998146431881374
1 0.14269829503335804 0.8012048192771084 0.27798369162342473 0.3938832252085264
2 0.19421793921423278 0.019925857275254866 0.15567086730911786 0.037998146431881374
2 0.156412157153447 0.06302131603336422 0.13194959229058562 0.04819277108433735
2 0.09933283914010378 0.11492122335495829 0.1467753891771683 0.04448563484708063
2 0.058191252779836916 0.17145505097312327 0.11193476649369903 0.0685820203892493
2 0.041882876204596 0.2391102873030584 0.083765752409192 0.07043558850787766
