6 0.2176186645213194 0.7335495829471733 0.20997586484312147 0.4643188137164041
6 0.40667739340305714 0.860982391102873 0.20353982300884957 0.2632066728452271
6 0.6520514883346742 0.896663577386469 0.11504424778761062 0.19925857275254866
6 0.498793242156074 0.494902687673772 0.9750603378921963 0.943466172381835
0 0.37851971037811744 0.20296570898980537 0.03459372485921158 0.04448563484708063
0 0.42960579243765085 0.2391102873030584 0.06275140788415125 0.04077849860982391
0 0.3254223652453741 0.23076923076923078 0.02333065164923572 0.04819277108433735
0 0.3278358809332261 0.28405931417979613 0.0249396621078037 0.03429101019462465
0 0.36403861625100564 0.335032437442076 0.029766693483507644 0.037998146431881374
0 0.3813354786806114 0.37720111214087115 0.04022526146419952 0.042632066728452274
0 0.37892196299275943 0.479610750695088 0.06275140788415125 0.0732159406858202
0 0.4332260659694288 0.4582947173308619 0.0249396621078037 0.026876737720111215
0 0.42719227674979887 0.4907321594068582 0.019308125502815767 0.030583873957367932
0 0.4686242960579244 0.43327154772937904 0.029766693483507644 0.03614457831325301
0 0.49678197908286403 0.44810009267840595 0.03298471440064361 0.026876737720111215
0 0.3909895414320193 0.5769230769230769 0.02413515687851971 0.03429101019462465
0 0.4006436041834272 0.6047265987025023 0.012872083668543845 0.028730305838739572
0 0.4670152855993564 0.5917516218721038 0.029766693483507644 0.03429101019462465
0 0.5591311343523733 0.597775718257646 0.13676588897827835 0.05004633920296571
0 0.49798873692679 0.6566265060240963 0.0418342719227675 0.03243744207599629
0 0.23169750603378922 0.623725671918443 0.0498793242156074 0.04633920296570899
0 0.6633145615446501 0.41566265060240964 0.061946902654867256 0.07136237256719184
0 0.7011263073209976 0.48748841519925856 0.0249396621078037 0.0685820203892493
0 0.7345132743362832 0.4712696941612604 0.02413515687851971 0.04541241890639481
0 0.7252614641995173 0.5491195551436515 0.031375703942075624 0.07506950880444857
0 0.7308930008045053 0.5222428174235403 0.016894609814963796 0.012048192771084338
0 0.7123893805309734 0.6417979610750695 0.053901850362027354 0.05838739573679333
0 0.6158487530168946 0.7622798887859129 0.04746580852775543 0.060240963855421686
0 0.8781174577634755 0.9156626506024096 0.09090909090909091 0.11677479147358666
