4 0.7190511489992587 0.5018535681186284 0.553002223869533 0.9851714550509731
0 0.8776871756856931 0.2664504170528267 0.03261675315048184 0.04911955514365153
0 0.5971089696071163 0.2293790546802595 0.1267605633802817 0.12882298424467098
1 0.1245366938472943 0.35217794253938833 0.24017790956263899 0.6858202038924931
1 0.10415122312824314 0.30213160333642264 0.10896960711638251 0.21686746987951808
1 0.05300222386953299 0.494902687673772 0.0452186805040771 0.12974976830398516
1 0.0737583395107487 0.6112140871177015 0.054114158636026685 0.11399443929564411
1 0.11156412157153447 0.93790546802595 0.03187546330615271 0.03892493049119555
1 0.15233506300963676 0.9439295644114921 0.04670126019273536 0.060240963855421686
1 0.18235730170496664 0.938368860055607 0.025203854707190512 0.019462465245597776
1 0.20200148257968867 0.9703429101019463 0.034840622683469234 0.022242817423540315
1 0.23758339510748702 0.892029657089898 0.08228317272053373 0.20852641334569044
1 0.5737583395107487 0.9703429101019463 0.04595997034840623 0.03521779425393883
5 0.268346923647146 0.5560704355885079 0.031134173461823574 0.04819277108433735
5 0.13713862120088954 0.5023169601482854 0.03558191252779837 0.06302131603336422
5 0.1619718309859155 0.5949953660797034 0.022979985174203115 0.03521779425393883
