5 0.2509266123054114 0.45505097312326226 0.1430689399555226 0.15013901760889714
5 0.2954040029651594 0.39202965708989806 0.03780578206078577 0.05004633920296571
5 0.07746478873239436 0.4184430027803522 0.03187546330615271 0.04541241890639481
5 0.12638991845811712 0.5560704355885079 0.20681986656782803 0.0871177015755329
5 0.02928094885100074 0.6487488415199258 0.05263157894736842 0.0778498609823911
5 0.32987398072646407 0.6348470806302131 0.04892512972572276 0.06302131603336422
5 0.4844329132690882 0.6459684893419834 0.18606375092661231 0.08526413345690455
5 0.6237954040029652 0.6645041705282669 0.083765752409192 0.12233549582947173
5 0.7394366197183099 0.82483781278962 0.07783543365455893 0.1686746987951807
5 0.636767976278725 0.4281742354031511 0.03558191252779837 0.03892493049119555
5 0.6816160118606375 0.4388322520852641 0.03187546330615271 0.0639481000926784
5 0.5959970348406227 0.5208526413345691 0.11860637509266123 0.10379981464318813
5 0.7420311341734618 0.3873957367933272 0.042994810971089696 0.03707136237256719
5 0.6486286137879911 0.283595922150139 0.028169014084507043 0.03707136237256719
5 0.7064492216456635 0.28266913809082483 0.04595997034840623 0.042632066728452274
5 0.7483320978502594 0.1278962001853568 0.2468495181616012 0.24467099165894346
0 0.41326908821349145 0.018999073215940687 0.05114899925871016 0.037998146431881374
0 0.4633061527057079 0.024559777571825765 0.020756115641215715 0.030583873957367932
0 0.505930318754633 0.04680259499536608 0.054114158636026685 0.04541241890639481
0 0.5151964418087472 0.06997219647822057 0.020756115641215715 0.030583873957367932
0 0.49184581171237957 0.09499536607970342 0.02001482579688658 0.028730305838739572
0 0.49925871015567086 0.15106580166821132 0.022979985174203115 0.027803521779425393
0 0.46404744255003705 0.11677479147358666 0.025203854707190512 0.027803521779425393
0 0.4573758339510749 0.18396663577386468 0.04002965159377316 0.03614457831325301
0 0.42105263157894735 0.1102873030583874 0.026686434395848776 0.06672845227062095
0 0.3647146034099333 0.18072289156626506 0.0340993328391401 0.029657089898053754
0 0.40585618977020016 0.1936978683966636 0.04373610081541883 0.04819277108433735
0 0.4351371386212009 0.23215940685820205 0.031134173461823574 0.04541241890639481
0 0.1486286137879911 0.13438368860055608 0.03780578206078577 0.05375347544022243
0 0.07672349888806523 0.13438368860055608 0.025945144551519646 0.024096385542168676
0 0.018532246108228317 0.29703429101019463 0.0340993328391401 0.08063021316033364
4 0.3510007412898443 0.8378127896200185 0.6767976278724982 0.3206672845227062
