5 0.5756115641215716 0.4397590361445783 0.33876945885841364 0.17145505097312327
5 0.6523350630096367 0.5810936051899908 0.1111934766493699 0.09453197405004633
5 0.35174203113417346 0.2386468952734013 0.10155670867309118 0.12140871177015755
5 0.2746478873239437 0.3164967562557924 0.06300963676797627 0.09916589434661724
5 0.363232023721275 0.42400370713623725 0.06671608598962195 0.07506950880444857
5 0.30578206078576725 0.5472659870250232 0.03187546330615271 0.16404077849860982
5 0.9203113417346183 0.3211306765523633 0.10452186805040771 0.07877664504170528
0 0.843587842846553 0.45505097312326226 0.08450704225352113 0.12048192771084337
0 0.860637509266123 0.5329008341056534 0.037064492216456635 0.03892493049119555
0 0.8587842846553002 0.6195551436515292 0.060044477390659746 0.06209453197405004
0 0.7935507783543365 0.7358665430954587 0.04225352112676056 0.04448563484708063
0 0.7798369162342476 0.7715477293790547 0.028169014084507043 0.030583873957367932
0 0.737583395107487 0.7752548656163114 0.05337286879169755 0.07136237256719184
0 0.4699777613046701 0.7247451343836886 0.037064492216456635 0.05931417979610751
0 0.5133432171979244 0.7242817423540315 0.04670126019273536 0.056533827618164965
0 0.4295774647887324 0.7187210379981465 0.02446256486286138 0.04170528266913809
0 0.3383988139362491 0.7924003707136237 0.028910303928836176 0.04077849860982391
0 0.167531504818384 0.8243744207599629 0.031134173461823574 0.08063021316033364
0 0.15381764269829504 0.164967562557924 0.022979985174203115 0.042632066728452274
0 0.19347664936990364 0.20435588507877664 0.037064492216456635 0.056533827618164965
0 0.17568569310600446 0.07506950880444857 0.08598962194217939 0.0685820203892493
0 0.2676056338028169 0.04911955514365153 0.08895478131949593 0.08526413345690455
0 0.22498146775389177 0.1380908248378128 0.054114158636026685 0.0963855421686747
0 0.10489251297257228 0.24930491195551435 0.06597479614529281 0.08897126969416126
0 0.10489251297257228 0.4295644114921223 0.04373610081541883 0.05097312326227989
0 0.12490733876945886 0.3850787766450417 0.025945144551519646 0.030583873957367932
0 0.17642698295033357 0.3753475440222428 0.01927353595255745 0.03521779425393883
0 0.4503335804299481 0.16126042632066728 0.054114158636026685 0.04633920296570899
0 0.5763528539659006 0.22150139017608897 0.04373610081541883 0.11862835959221502
0 0.5496664195700519 0.2933271547729379 0.0363232023721275 0.03614457831325301
0 0.8391401037805782 0.22798887859128822 0.01927353595255745 0.03892493049119555
0 0.8283914010378057 0.18396663577386468 0.03039288361749444 0.03614457831325301
1 0.600815418828762 0.05885078776645042 0.156412157153447 0.10472659870250231
0 0.5537435137138621 0.46709916589434664 0.0340993328391401 0.051899907321594066
0 0.5537435137138621 0.5018535681186284 0.031134173461823574 0.03614457831325301
0 0.5548554484803558 0.5843373493975904 0.0452186805040771 0.0639481000926784
