5 0.3758339510748703 0.38229842446709916 0.34395848776871757 0.2511584800741427
5 0.5711638250555967 0.5477293790546802 0.06745737583395107 0.11306765523632993
5 0.7312824314306894 0.7154772937905468 0.0452186805040771 0.06672845227062095
0 0.7283172720533728 0.6862835959221502 0.08524833209785027 0.09545875810936053
0 0.7994810971089696 0.8063021316033364 0.0363232023721275 0.04077849860982391
0 0.7446256486286138 0.8049119555143651 0.02742772424017791 0.04355885078776645
0 0.7946627131208303 0.8994439295644114 0.04447739065974796 0.09360518999073215
0 0.7086730911786508 0.8850787766450418 0.050407709414381024 0.08897126969416126
0 0.6378799110452187 0.9026876737720111 0.03187546330615271 0.03521779425393883
5 0.31764269829503333 0.7307692307692307 0.083765752409192 0.20667284522706209
5 0.1167531504818384 0.6904541241890639 0.061527057079318014 0.09453197405004633
5 0.035211267605633804 0.7479147358665431 0.06745737583395107 0.12418906394810009
0 0.09191994069681246 0.3934198331788693 0.06671608598962195 0.0917516218721038
0 0.17234988880652335 0.31371640407784984 0.0452186805040771 0.03243744207599629
0 0.24017790956263899 0.25857275254865614 0.06671608598962195 0.12974976830398516
0 0.34099332839140106 0.14504170528266913 0.0770941438102298 0.06765523632993513
0 0.449592290585619 0.06255792400370713 0.03780578206078577 0.03243744207599629
5 0.41141586360266863 0.20296570898980537 0.023721275018532245 0.03707136237256719
0 0.7505559673832468 0.06487488415199258 0.02001482579688658 0.027803521779425393
0 0.7742772424017791 0.11214087117701575 0.0452186805040771 0.04633920296570899
4 0.6641957005189029 0.7590361445783133 0.10526315789473684 0.14087117701575533
4 0.17494440326167532 0.13623725671918444 0.28465530022238694 0.25764596848934196
5 0.4332839140103781 0.6427247451343837 0.06597479614529281 0.06950880444856349
5 0.4981467753891772 0.8345690454124189 0.08895478131949593 0.11399443929564411
