4 0.2668643439584878 0.3887859128822984 0.10822831727205337 0.16404077849860982
1 0.8198665678280208 0.8164967562557924 0.2668643439584878 0.3336422613531047
5 0.7479614529280949 0.4198331788693234 0.026686434395848776 0.05004633920296571
5 0.6419570051890289 0.20435588507877664 0.037064492216456635 0.06580166821130677
5 0.5237212750185323 0.1969416126042632 0.02446256486286138 0.05097312326227989
5 0.5467012601927353 0.4212233549582947 0.03039288361749444 0.12140871177015755
5 0.5774647887323944 0.23123262279888787 0.02223869532987398 0.03243744207599629
5 0.49406968124536693 0.7089898053753475 0.02446256486286138 0.04077849860982391
5 0.5337286879169756 0.7794253938832252 0.02223869532987398 0.03892493049119555
5 0.416234247590808 0.9249304911955515 0.02742772424017791 0.051899907321594066
5 0.44366197183098594 0.46478220574606116 0.025945144551519646 0.03985171455050973
0 0.23647146034099334 0.5481927710843374 0.04595997034840623 0.1010194624652456
0 0.2509266123054114 0.654772937905468 0.02001482579688658 0.04170528266913809
5 0.20978502594514456 0.2511584800741427 0.05189028910303929 0.07228915662650602
5 0.253891771682728 0.19230769230769232 0.034840622683469234 0.05838739573679333
5 0.3061527057079318 0.23308619091751623 0.025203854707190512 0.030583873957367932
5 0.3220904373610082 0.07228915662650602 0.028910303928836176 0.029657089898053754
5 0.29132690882134915 0.09267840593141798 0.025203854707190512 0.024096385542168676
5 0.3480355819125278 0.32391102873030586 0.022979985174203115 0.026876737720111215
0 0.32320237212750186 0.2859128822984245 0.01927353595255745 0.028730305838739572
0 0.1816160118606375 0.12001853568118628 0.0385470719051149 0.037998146431881374
0 0.14788732394366197 0.10797034291010195 0.02001482579688658 0.025023169601482854
0 0.14825796886582654 0.1556997219647822 0.031134173461823574 0.03151065801668211
0 0.09970348406226835 0.19972196478220575 0.05559673832468495 0.056533827618164965
0 0.021497405485544848 0.2618164967562558 0.029651593773165306 0.03614457831325301
0 0.16123054114158636 0.3276181649675626 0.021497405485544848 0.03243744207599629
0 0.18680504077094143 0.18489341983317886 0.029651593773165306 0.026876737720111215
0 0.13194959229058562 0.22706209453197404 0.01927353595255745 0.027803521779425393
0 0.3161601186063751 0.6047265987025023 0.022979985174203115 0.04911955514365153
