5 0.41475166790214973 0.4666357738646895 0.060044477390659746 0.05838739573679333
5 0.17679762787249814 0.29240037071362374 0.13862120088954782 0.19555143651529194
5 0.08932542624166048 0.3948100092678406 0.039288361749444035 0.04448563484708063
5 0.09673832468495182 0.4582947173308619 0.0793180133432172 0.09545875810936053
5 0.2005189028910304 0.5699721964782206 0.09710896960711639 0.1334569045412419
5 0.21052631578947367 0.7154772937905468 0.07116382505559674 0.12974976830398516
5 0.2968865826538176 0.6904541241890639 0.05263157894736842 0.06672845227062095
5 0.38806523350630096 0.6399443929564411 0.09710896960711639 0.13438368860055608
5 0.5 0.5500463392029658 0.10007412898443291 0.11399443929564411
5 0.6349147516679021 0.5894346617238183 0.09859154929577464 0.11862835959221502
5 0.7550037064492217 0.5097312326227988 0.17420311341734618 0.0685820203892493
5 0.787991104521868 0.7511584800741428 0.06671608598962195 0.082483781278962
1 0.4173461823573017 0.06209453197405004 0.2713120830244626 0.10379981464318813
5 0.17494440326167532 0.09962928637627433 0.03558191252779837 0.03614457831325301
0 0.9036323202372127 0.5542168674698795 0.01630837657524092 0.03151065801668211
0 0.9859154929577465 0.6459684893419834 0.025203854707190512 0.06302131603336422
0 0.9484803558191253 0.7210379981464319 0.083765752409192 0.05004633920296571
0 0.9866567828020756 0.7673772011121409 0.020756115641215715 0.029657089898053754
0 0.8888065233506302 0.9244670991658943 0.03558191252779837 0.037998146431881374
0 0.7961452928094885 0.9610750695088045 0.023721275018532245 0.06672845227062095
0 0.8487768717568569 0.9703429101019463 0.05485544848035582 0.04819277108433735
0 0.43550778354336545 0.9420759962928638 0.02742772424017791 0.04911955514365153
0 0.5289103039288362 0.6872103799814643 0.0452186805040771 0.060240963855421686
0 0.4899925871015567 0.7520852641334569 0.025203854707190512 0.03243744207599629
0 0.1467753891771683 0.798887859128823 0.031134173461823574 0.04819277108433735
5 0.25166790214974055 0.38832252085264135 0.021497405485544848 0.04819277108433735
5 0.30874722016308376 0.37025023169601484 0.022979985174203115 0.028730305838739572
5 0.44366197183098594 0.2015755329008341 0.040770941438102296 0.030583873957367932
0 0.6934766493699036 0.6065801668211307 0.03187546330615271 0.0732159406858202
0 0.7045959970348407 0.6821130676552364 0.03187546330615271 0.06302131603336422
0 0.7016308376575241 0.7511584800741428 0.04225352112676056 0.05838739573679333
5 0.8272794662713121 0.6371640407784986 0.12305411415863603 0.05282669138090825
5 0.6549295774647887 0.7669138090824837 0.05856189770200148 0.05838739573679333
5 0.9065974796145293 0.2882298424467099 0.03558191252779837 0.03892493049119555
4 0.041141586360266866 0.27710843373493976 0.06449221645663454 0.33178869323447635
