0 0.061527057079318014 0.4759036144578313 0.10378057820607858 0.12511584800741427
0 0.14492216456634543 0.5472659870250232 0.022979985174203115 0.026876737720111215
0 0.21015567086730913 0.4355885078776645 0.021497405485544848 0.03151065801668211
0 0.15233506300963676 0.3670064874884152 0.054114158636026685 0.06487488415199258
0 0.16679021497405486 0.24930491195551435 0.03558191252779837 0.11492122335495829
5 0.335063009636768 0.7479147358665431 0.037064492216456635 0.05375347544022243
5 0.36397331356560414 0.7882298424467099 0.026686434395848776 0.03985171455050973
0 0.2713120830244626 0.9573679332715477 0.04892512972572276 0.061167747914735865
0 0.22349888806523352 0.798887859128823 0.12379540400296515 0.1686746987951807
0 0.24203113417346184 0.6853568118628359 0.022979985174203115 0.04541241890639481
0 0.2676056338028169 0.6468952734012975 0.026686434395848776 0.04819277108433735
0 0.11415863602668644 0.6353104726598703 0.050407709414381024 0.09360518999073215
0 0.04262416604892513 0.5940685820203893 0.02446256486286138 0.05004633920296571
5 0.017420311341734617 0.6380908248378128 0.03187546330615271 0.047265987025023166
4 0.28984432913269087 0.8507877664504171 0.09488510007412898 0.12233549582947173
