5 0.39621942179392144 0.2432808155699722 0.18754633061527057 0.247451343836886
5 0.5919199406968124 0.12557924003707135 0.03187546330615271 0.04911955514365153
5 0.7687175685693106 0.4462465245597776 0.07412898443291327 0.1417979610750695
5 0.9747961452928094 0.5829471733086191 0.042994810971089696 0.15013901760889714
5 0.1597479614529281 0.1872103799814643 0.21423276501111935 0.20389249304911955
5 0.10155670867309118 0.5139017608897127 0.04744255003706449 0.05838739573679333
5 0.03558191252779837 0.629286376274328 0.0385470719051149 0.0871177015755329
5 0.055967383246849516 0.8563484708063022 0.028910303928836176 0.07228915662650602
5 0.5496664195700519 0.5699721964782206 0.05559673832468495 0.11121408711770157
0 0.6011860637509266 0.22103799814643188 0.031134173461823574 0.05468025949953661
0 0.5956263899184581 0.31417979610750696 0.033358042994810974 0.08526413345690455
0 0.6089696071163825 0.40593141797961074 0.0452186805040771 0.06487488415199258
0 0.6186063750926613 0.45505097312326226 0.0363232023721275 0.04077849860982391
0 0.6037805782060786 0.48841519925857274 0.022979985174203115 0.03892493049119555
0 0.6671608598962194 0.5537534754402225 0.04447739065974796 0.05097312326227989
0 0.6464047442550037 0.6153846153846154 0.031134173461823574 0.03707136237256719
5 0.6404744255003706 0.8280815569972196 0.028169014084507043 0.04170528266913809
5 0.6519644180874722 0.8512511584800742 0.02001482579688658 0.03429101019462465
5 0.687175685693106 0.9031510658016683 0.05337286879169755 0.0732159406858202
0 0.670126019273536 0.9791473586654309 0.031134173461823574 0.030583873957367932
0 0.6338028169014085 0.9823911028730306 0.017790956263899184 0.024096385542168676
5 0.46590066716085987 0.6468952734012975 0.034840622683469234 0.05560704355885079
5 0.3413639733135656 0.5866543095458758 0.15196441808747221 0.13901760889712697
5 0.4047442550037065 0.6983317886932344 0.06226834692364715 0.07136237256719184
5 0.712750185322461 0.3002780352177943 0.04373610081541883 0.09082483781278962
0 0.7446256486286138 0.2845227062094532 0.018532246108228317 0.03521779425393883
0 0.757227575982209 0.31510658016682114 0.012601927353595256 0.025949953660797033
0 0.7060785767234989 0.12465245597775718 0.021497405485544848 0.04355885078776645
0 0.7294292068198666 0.04494902687673772 0.037064492216456635 0.08804448563484708
0 0.7575982209043736 0.019462465245597776 0.017790956263899184 0.03707136237256719
0 0.5656041512231282 0.29610750695088045 0.04151223128243143 0.09545875810936053
0 0.5630096367679763 0.37395736793327156 0.034840622683469234 0.05282669138090825
0 0.5678280207561156 0.46153846153846156 0.028169014084507043 0.057460611677479144
0 0.5607857672349889 0.18025949953660797 0.022979985174203115 0.056533827618164965
0 0.7694588584136397 0.5810936051899908 0.02223869532987398 0.03707136237256719
5 0.7727946627131208 0.5245597775718258 0.01704966641957005 0.027803521779425393
5 0.793180133432172 0.6538461538461539 0.03261675315048184 0.10472659870250231
0 0.8817642698295033 0.38461538461538464 0.03039288361749444 0.12048192771084337
0 0.9047442550037065 0.5319740500463392 0.025945144551519646 0.0778498609823911
0 0.8939955522609341 0.25023169601482853 0.025203854707190512 0.042632066728452274
0 0.8765752409191994 0.21408711770157554 0.02446256486286138 0.05375347544022243
0 0.971830985915493 0.26830398517145504 0.05189028910303929 0.04911955514365153
5 0.5014825796886583 0.7826691380908248 0.03039288361749444 0.04541241890639481
