1 0.038917716827279465 0.45736793327154773 0.061527057079318014 0.432808155699722
0 0.639362490733877 0.1056533827618165 0.12083024462564863 0.05560704355885079
0 0.7839140103780579 0.14874884151992585 0.039288361749444035 0.05838739573679333
0 0.45292809488510005 0.3540315106580167 0.03261675315048184 0.03151065801668211
5 0.24054855448480356 0.6348470806302131 0.22164566345441067 0.6024096385542169
5 0.38621200889547813 0.7761816496756255 0.05485544848035582 0.12140871177015755
0 0.24722016308376576 0.24096385542168675 0.06300963676797627 0.06487488415199258
5 0.05522609340252038 0.38693234476367006 0.05114899925871016 0.14735866543095458
0 0.5963676797627873 0.7330861909175163 0.04225352112676056 0.025949953660797033
0 0.6174944403261675 0.8489341983317887 0.05189028910303929 0.03707136237256719
3 0.09488510007412898 0.4749768303985171 0.1793921423276501 0.5940685820203893
4 0.7776130467012602 0.05004633920296571 0.29058561897702 0.08341056533827618
4 0.6386212008895478 0.7984244670991659 0.07783543365455893 0.09731232622798888
