0 0.4759080800593032 0.3531047265987025 0.037064492216456635 0.05004633920296571
0 0.4859154929577465 0.41241890639481 0.054114158636026685 0.03892493049119555
0 0.4936990363232024 0.49814643188137164 0.1334321719792439 0.10658016682113068
0 0.3269088213491475 0.20481927710843373 0.028169014084507043 0.03892493049119555
0 0.2446256486286138 0.17377201112140872 0.02223869532987398 0.04355885078776645
0 0.15937731653076354 0.38693234476367006 0.031134173461823574 0.04355885078776645
0 0.5166790214974055 0.1830398517145505 0.04002965159377316 0.04355885078776645
5 0.748702742772424 0.09823911028730306 0.08598962194217939 0.12974976830398516
5 0.8083765752409192 0.14272474513438368 0.028910303928836176 0.03707136237256719
0 0.5500370644922165 0.8531047265987025 0.07857672349888807 0.0639481000926784
0 0.5252038547071906 0.6950880444856349 0.034840622683469234 0.03521779425393883
0 0.5911786508524833 0.628822984244671 0.033358042994810974 0.04541241890639481
0 0.4877687175685693 0.6881371640407785 0.023721275018532245 0.03985171455050973
4 0.513713862120089 0.6380908248378128 0.08005930318754632 0.09916589434661724
0 0.4440326167531505 0.2761816496756256 0.020756115641215715 0.03892493049119555
0 0.38139362490733875 0.2905468025949954 0.025945144551519646 0.05468025949953661
0 0.40363232023721274 0.376274328081557 0.05263157894736842 0.09082483781278962
0 0.5548554484803558 0.3410565338276182 0.022979985174203115 0.042632066728452274
0 0.5756115641215716 0.31974050046339203 0.0363232023721275 0.061167747914735865
0 0.5181616011860638 0.2618164967562558 0.04447739065974796 0.03614457831325301
0 0.5763528539659006 0.2020389249304912 0.01704966641957005 0.022242817423540315
0 0.6026686434395849 0.2381835032437442 0.007412898443291327 0.024096385542168676
