3 0.5051890289103039 0.5009267840593142 0.8888065233506302 0.9258572752548656
0 0.041141586360266866 0.31835032437442073 0.021497405485544848 0.04170528266913809
0 0.0782060785767235 0.35078776645041704 0.034840622683469234 0.04170528266913809
0 0.11008154188287621 0.39527340129749766 0.018532246108228317 0.03985171455050973
0 0.16382505559673832 0.5111214087117701 0.023721275018532245 0.04541241890639481
0 0.1286137879911045 0.5514365152919369 0.061527057079318014 0.07414272474513438
0 0.07524091919940697 0.5949953660797034 0.02742772424017791 0.05560704355885079
0 0.06300963676797627 0.5143651529193698 0.037064492216456635 0.09082483781278962
0 0.035211267605633804 0.6246524559777572 0.033358042994810974 0.10194624652455977
0 0.1530763528539659 0.7451343836886005 0.08080059303187546 0.10194624652455977
0 0.3272794662713121 0.7826691380908248 0.033358042994810974 0.04541241890639481
0 0.2994810971089696 0.9193697868396663 0.05782060785767235 0.15013901760889714
0 0.36767976278724984 0.9212233549582948 0.04151223128243143 0.05931417979610751
0 0.3491475166790215 0.963855421686747 0.06523350630096368 0.061167747914735865
0 0.469236471460341 0.5908248378127896 0.09933283914010378 0.11214087117701575
0 0.5604151223128243 0.4457831325301205 0.04002965159377316 0.051899907321594066
0 0.5274277242401779 0.7715477293790547 0.060044477390659746 0.07136237256719184
0 0.4966641957005189 0.7919369786839666 0.04744255003706449 0.056533827618164965
0 0.4725722757598221 0.8331788693234476 0.07635285396590066 0.07414272474513438
0 0.5878428465530022 0.902224281742354 0.08598962194217939 0.04170528266913809
0 0.6460340993328392 0.8897126969416126 0.039288361749444035 0.051899907321594066
0 0.39140103780578206 0.7335495829471733 0.08895478131949593 0.0732159406858202
0 0.22275759822090438 0.7891566265060241 0.05559673832468495 0.04911955514365153
0 0.21719792438843588 0.8619091751621872 0.08154188287620459 0.09082483781278962
0 0.13528539659006672 0.8438368860055607 0.039288361749444035 0.03243744207599629
