2 0.5537435137138621 0.04216867469879518 0.07857672349888807 0.082483781278962
2 0.25055596738324687 0.026876737720111215 0.03558191252779837 0.03151065801668211
2 0.167531504818384 0.10658016682113068 0.07561156412157154 0.07970342910101946
5 0.28169014084507044 0.15477293790546803 0.19718309859154928 0.1556997219647822
5 0.3446997776130467 0.05931417979610751 0.0770941438102298 0.051899907321594066
0 0.42438843587842845 0.13901760889712697 0.033358042994810974 0.029657089898053754
0 0.429948109710897 0.1746987951807229 0.03261675315048184 0.03614457831325301
0 0.3598962194217939 0.1561631139944393 0.021497405485544848 0.03614457831325301
0 0.30096367679762787 0.16357738646895273 0.02223869532987398 0.03429101019462465
0 0.25796886582653816 0.20018535681186284 0.050407709414381024 0.06487488415199258
0 0.1530763528539659 0.39063948100092677 0.07635285396590066 0.03614457831325301
0 0.1608598962194218 0.535681186283596 0.0340993328391401 0.051899907321594066
0 0.2475908080059303 0.5843373493975904 0.029651593773165306 0.0639481000926784
0 0.4681245366938473 0.376274328081557 0.03780578206078577 0.06487488415199258
0 0.5400296515937731 0.46014828544949027 0.07190511489992588 0.04541241890639481
0 0.5744996293550778 0.6302131603336423 0.050407709414381024 0.07043558850787766
0 0.502594514455152 0.67516218721038 0.05782060785767235 0.09360518999073215
0 0.42772424017790955 0.6385542168674698 0.06375092661230541 0.06487488415199258
0 0.37398072646404745 0.6733086190917517 0.0452186805040771 0.04911955514365153
0 0.4269829503335804 0.8012048192771084 0.029651593773165306 0.05468025949953661
0 0.49258710155670865 0.8702502316960148 0.03039288361749444 0.042632066728452274
0 0.3687916975537435 0.28174235403151066 0.083765752409192 0.0685820203892493
0 0.6890289103039289 0.1144578313253012 0.06300963676797627 0.05838739573679333
0 0.5385470719051149 0.13067655236329936 0.0452186805040771 0.06672845227062095
0 0.6927353595255745 0.010194624652455977 0.06597479614529281 0.020389249304911955
5 0.37212750185322463 0.26042632066728455 0.05189028910303929 0.0871177015755329
5 0.6182357301704967 0.2428174235403151 0.017790956263899184 0.04448563484708063
5 0.5292809488510007 0.47405004633920295 0.05337286879169755 0.05838739573679333
5 0.22498146775389177 0.46941612604263205 0.061527057079318014 0.10843373493975904
5 0.48480355819125276 0.03104726598702502 0.03558191252779837 0.056533827618164965
5 0.429948109710897 0.015755329008341055 0.03558191252779837 0.025949953660797033
5 0.949592290585619 0.5959221501390176 0.028169014084507043 0.042632066728452274
0 0.4985174203113417 0.5834105653382762 0.02742772424017791 0.04170528266913809
1 0.04558932542624166 0.31047265987025024 0.083765752409192 0.2965708989805375
2 0.10711638250555967 0.23493975903614459 0.2038547071905115 0.4531974050046339
0 0.03446997776130467 0.5912882298424467 0.048183839881393624 0.06302131603336422
