0 0.5567086730911787 0.061167747914735865 0.05337286879169755 0.04077849860982391
0 0.4414381022979985 0.23493975903614459 0.039288361749444035 0.08804448563484708
0 0.5796886582653817 0.20389249304911955 0.06671608598962195 0.10750695088044486
0 0.6423276501111935 0.2664504170528267 0.03039288361749444 0.05838739573679333
0 0.5400296515937731 0.38322520852641334 0.022979985174203115 0.030583873957367932
0 0.28502594514455154 0.38322520852641334 0.08080059303187546 0.1195551436515292
5 0.33320978502594517 0.7001853568118629 0.06449221645663454 0.09916589434661724
5 0.3888065233506301 0.46987951807228917 0.040770941438102296 0.07043558850787766
5 0.1156412157153447 0.0732159406858202 0.08895478131949593 0.0963855421686747
0 0.6816160118606375 0.4633920296570899 0.06597479614529281 0.10936051899907322
0 0.6790214974054856 0.5551436515291936 0.03261675315048184 0.03892493049119555
0 0.7783543365455893 0.35032437442076 0.08895478131949593 0.07228915662650602
0 0.7753891771682728 0.43790546802594993 0.037064492216456635 0.082483781278962
0 0.8042994810971089 0.5023169601482854 0.056338028169014086 0.06302131603336422
0 0.8591549295774648 0.46941612604263205 0.04002965159377316 0.056533827618164965
0 0.8895478131949592 0.3887859128822984 0.050407709414381024 0.12511584800741427
0 0.9036323202372127 0.25532900834105654 0.01630837657524092 0.03614457831325301
0 0.9099332839140104 0.29518072289156627 0.025945144551519646 0.03243744207599629
0 0.9099332839140104 0.48146431881371643 0.015567086730911787 0.03243744207599629
0 0.9262416604892513 0.5106580166821131 0.015567086730911787 0.025949953660797033
0 0.9180874722016308 0.5593141797961075 0.022979985174203115 0.037998146431881374
0 0.9866567828020756 0.664967562557924 0.017790956263899184 0.03614457831325301
5 0.8194959229058562 0.6904541241890639 0.039288361749444035 0.04633920296570899
5 0.687175685693106 0.6640407784986099 0.02223869532987398 0.03429101019462465
5 0.6441808747220164 0.7873030583873958 0.031134173461823574 0.037998146431881374
0 0.7160859896219421 0.7094531974050047 0.02223869532987398 0.03243744207599629
0 0.7016308376575241 0.7604263206672845 0.039288361749444035 0.0732159406858202
0 0.7412898443291327 0.7854494902687674 0.017790956263899184 0.05097312326227989
1 0.17642698295033357 0.7187210379981465 0.32616753150481836 0.5273401297497683
4 0.7538917716827279 0.2882298424467099 0.10822831727205337 0.09453197405004633
