5 0.14269829503335804 0.24142724745134383 0.05559673832468495 0.14550509731232622
5 0.24091919940696813 0.3359592215013902 0.0385470719051149 0.04541241890639481
0 0.20867309117865085 0.04633920296570899 0.05856189770200148 0.09082483781278962
0 0.1597479614529281 0.010658016682113068 0.03039288361749444 0.019462465245597776
0 0.2872498146775389 0.023632993512511583 0.06893995552260934 0.037998146431881374
0 0.5407709414381023 0.06719184430027804 0.09562638991845812 0.12882298424467098
5 0.5559673832468495 0.08016682113067655 0.0385470719051149 0.030583873957367932
5 0.43736100815418827 0.23169601482854496 0.0340993328391401 0.042632066728452274
5 0.505930318754633 0.27293790546802593 0.022979985174203115 0.03614457831325301
5 0.4306893995552261 0.5500463392029658 0.037064492216456635 0.03985171455050973
0 0.021497405485544848 0.5704355885078777 0.03261675315048184 0.03985171455050973
0 0.03446997776130467 0.6793327154772938 0.05114899925871016 0.10936051899907322
0 0.05189028910303929 0.8290083410565339 0.03261675315048184 0.03243744207599629
0 0.07042253521126761 0.8670064874884152 0.037064492216456635 0.08433734939759036
0 0.15492957746478872 0.9810009267840594 0.0340993328391401 0.03429101019462465
1 0.25166790214974055 0.9267840593141798 0.17568569310600446 0.14272474513438368
1 0.028169014084507043 0.34615384615384615 0.05189028910303929 0.22150139017608897
1 0.114529280948851 0.8188137164040779 0.13120830244625648 0.22706209453197404
0 0.5148257968865827 0.3303985171455051 0.02742772424017791 0.05468025949953661
0 0.5318754633061527 0.3985171455050973 0.025945144551519646 0.051899907321594066
0 0.6167531504818384 0.3632993512511585 0.031134173461823574 0.04633920296570899
0 0.6586360266864344 0.5792400370713624 0.021497405485544848 0.042632066728452274
0 0.7461082283172721 0.43373493975903615 0.03039288361749444 0.03892493049119555
0 0.7412898443291327 0.1464318813716404 0.031134173461823574 0.04448563484708063
0 0.7424017790956264 0.19555143651529194 0.02742772424017791 0.025949953660797033
0 0.874351371386212 0.15430954587581094 0.022979985174203115 0.03614457831325301
0 0.8858413639733136 0.20481927710843373 0.02223869532987398 0.020389249304911955
0 0.9040029651593773 0.5013901760889713 0.02446256486286138 0.04077849860982391
0 0.9343958487768718 0.46709916589434664 0.022979985174203115 0.04448563484708063
4 0.8413639733135656 0.8183503243744208 0.28020756115641215 0.3113994439295644
4 0.8639733135656041 0.21455050973123263 0.21868050407709413 0.35125115848007415
5 0.1475166790214974 0.11584800741427248 0.0681986656782802 0.1371640407784986
0 0.2935507783543366 0.417516218721038 0.07857672349888807 0.09545875810936053
0 0.16864343958487768 0.2692307692307692 0.03187546330615271 0.09731232622798888
0 0.13936249073387694 0.3623725671918443 0.04595997034840623 0.04819277108433735
0 0.13157894736842105 0.4721964782205746 0.028910303928836176 0.030583873957367932
5 0.28910303928836173 0.40963855421686746 0.031134173461823574 0.05004633920296571
5 0.3157894736842105 0.4406858202038925 0.01630837657524092 0.03614457831325301
5 0.30244625648628615 0.4392956441149212 0.01630837657524092 0.027803521779425393
5 0.13120830244625648 0.37488415199258573 0.020756115641215715 0.019462465245597776
5 0.13194959229058562 0.46941612604263205 0.01927353595255745 0.03243744207599629
5 0.614529280948851 0.36654309545875813 0.025203854707190512 0.03985171455050973
5 0.9040029651593773 0.5018535681186284 0.02001482579688658 0.03614457831325301
5 0.5452186805040771 0.023632993512511583 0.025945144551519646 0.026876737720111215
5 0.3558191252779837 0.011121408711770158 0.02223869532987398 0.022242817423540315
5 0.4128984432913269 0.009267840593141797 0.020756115641215715 0.018535681186283594
