0 0.697265625 0.8428819444444444 0.032552083333333336 0.046875
0 0.685546875 0.7907986111111112 0.022135416666666668 0.036458333333333336
6 0.697265625 0.8064236111111112 0.14973958333333334 0.2309027777777778
0 0.4739583333333333 0.3637152777777778 0.0234375 0.043402777777777776
0 0.375 0.3862847222222222 0.041666666666666664 0.10590277777777778
0 0.6712239583333334 0.8081597222222222 0.022135416666666668 0.050347222222222224
0 0.3990885416666667 0.4626736111111111 0.029947916666666668 0.050347222222222224
0 0.412109375 0.3680555555555556 0.022135416666666668 0.041666666666666664
0 0.357421875 0.2777777777777778 0.032552083333333336 0.052083333333333336
0 0.41015625 0.1371527777777778 0.03125 0.03819444444444445
