1 0.5567708333333333 0.8662037037037037 0.36354166666666665 0.2601851851851852
4 0.31614583333333335 0.22916666666666666 0.27708333333333335 0.4583333333333333
4 0.23776041666666667 0.725462962962963 0.12552083333333333 0.5268518518518519
4 0.6453125 0.08842592592592592 0.27708333333333335 0.175
4 0.7786458333333334 0.337037037037037 0.14375 0.3111111111111111
0 0.18880208333333334 0.6472222222222223 0.018229166666666668 0.027777777777777776
0 0.2609375 0.8856481481481482 0.023958333333333335 0.04537037037037037
0 0.28125 0.8925925925925926 0.016666666666666666 0.03148148148148148
0 0.2638020833333333 0.5828703703703704 0.0203125 0.028703703703703703
0 0.27708333333333335 0.47824074074074074 0.020833333333333332 0.032407407407407406
0 0.25416666666666665 0.3800925925925926 0.029166666666666667 0.032407407407407406
0 0.21041666666666667 0.4009259259259259 0.020833333333333332 0.03333333333333333
0 0.309375 0.39351851851851855 0.020833333333333332 0.02962962962962963
0 0.7302083333333333 0.5652777777777778 0.01875 0.05277777777777778
0 0.54765625 0.34675925925925927 0.018229166666666668 0.028703703703703703
0 0.53125 0.38657407407407407 0.01875 0.03425925925925926
