5 0.1640625 0.232421875 0.08984375 0.140625
5 0.53125 0.17578125 0.05078125 0.06640625
5 0.8203125 0.6171875 0.0546875 0.0625
5 0.412109375 0.646484375 0.05859375 0.08203125
2 0.419921875 0.4541015625 0.07421875 0.080078125
3 0.2138671875 0.5439453125 0.220703125 0.240234375
3 0.6640625 0.4755859375 0.203125 0.267578125
3 0.5078125 0.8564453125 0.33203125 0.232421875
1 0.2880859375 0.07421875 0.193359375 0.1171875
5 0.8896484375 0.6611328125 0.064453125 0.072265625
5 0.9677734375 0.708984375 0.060546875 0.1796875
