5 0.1728515625 0.1083984375 0.080078125 0.076171875
5 0.126953125 0.4482421875 0.09765625 0.138671875
5 0.701171875 0.591796875 0.0546875 0.06640625
5 0.82421875 0.4599609375 0.09765625 0.115234375
5 0.826171875 0.630859375 0.0625 0.0859375
5 0.6904296875 0.7353515625 0.037109375 0.044921875
5 0.30078125 0.576171875 0.04296875 0.05078125
0 0.412109375 0.8408203125 0.11328125 0.154296875
0 0.28125 0.849609375 0.03515625 0.0703125
0 0.2607421875 0.6865234375 0.037109375 0.060546875
0 0.490234375 0.8017578125 0.0703125 0.119140625
0 0.6298828125 0.662109375 0.083984375 0.09375
