5 0.8232421875 0.48046875 0.154296875 0.1171875
5 0.1259765625 0.439453125 0.111328125 0.15234375
5 0.1865234375 0.107421875 0.076171875 0.09765625
5 0.7001953125 0.6015625 0.064453125 0.0625
5 0.697265625 0.740234375 0.046875 0.05859375
5 0.30078125 0.5927734375 0.05859375 0.080078125
5 0.29296875 0.857421875 0.05859375 0.06640625
1 0.6630859375 0.138671875 0.306640625 0.25
0 0.6328125 0.6865234375 0.0703125 0.076171875
0 0.484375 0.806640625 0.0703125 0.08984375
0 0.4150390625 0.8515625 0.091796875 0.1484375
0 0.23046875 0.6201171875 0.046875 0.041015625
0 0.2607421875 0.6982421875 0.044921875 0.052734375
0 0.205078125 0.4150390625 0.0390625 0.048828125
5 0.8232421875 0.6357421875 0.064453125 0.087890625
5 0.197265625 0.41796875 0.03125 0.04296875
5 0.6318359375 0.064453125 0.048828125 0.05078125
5 0.5986328125 0.1044921875 0.044921875 0.052734375
