0 0.341796875 0.6044921875 0.18359375 0.240234375
0 0.3984375 0.90625 0.171875 0.15625
0 0.7421875 0.46484375 0.15625 0.3046875
0 0.251953125 0.9599609375 0.15234375 0.064453125
0 0.1318359375 0.6982421875 0.162109375 0.166015625
0 0.0849609375 0.2626953125 0.115234375 0.294921875
4 0.0849609375 0.2607421875 0.119140625 0.306640625
4 0.0693359375 0.51171875 0.107421875 0.15234375
0 0.865234375 0.8857421875 0.08203125 0.017578125
0 0.8779296875 0.9365234375 0.068359375 0.060546875
0 0.8427734375 0.96875 0.033203125 0.05078125
0 0.6943359375 0.751953125 0.064453125 0.07421875
0 0.51953125 0.654296875 0.06640625 0.10546875
0 0.455078125 0.50390625 0.05078125 0.046875
0 0.4921875 0.5234375 0.0390625 0.0546875
0 0.2099609375 0.34765625 0.107421875 0.13671875
0 0.2890625 0.208984375 0.09375 0.1640625
0 0.9091796875 0.0615234375 0.107421875 0.115234375
0 0.8203125 0.09765625 0.140625 0.16015625
0 0.7216796875 0.1142578125 0.138671875 0.228515625
0 0.7666015625 0.265625 0.041015625 0.02734375
0 0.7880859375 0.361328125 0.044921875 0.08203125
0 0.740234375 0.388671875 0.05859375 0.078125
0 0.7568359375 0.4423828125 0.056640625 0.072265625
0 0.736328125 0.517578125 0.12109375 0.06640625
0 0.70703125 0.5888671875 0.04296875 0.087890625
0 0.767578125 0.5751953125 0.03515625 0.068359375
0 0.833984375 0.6171875 0.05078125 0.1015625
0 0.8828125 0.6826171875 0.05859375 0.099609375
0 0.943359375 0.5537109375 0.06640625 0.162109375
0 0.9560546875 0.4345703125 0.076171875 0.138671875
0 0.8818359375 0.2314453125 0.037109375 0.052734375
0 0.9599609375 0.2666015625 0.064453125 0.146484375
0 0.9765625 0.685546875 0.046875 0.078125
0 0.9384765625 0.7822265625 0.111328125 0.123046875
0 0.4921875 0.115234375 0.17578125 0.171875
0 0.5498046875 0.146484375 0.099609375 0.0859375
0 0.6298828125 0.19140625 0.103515625 0.12890625
0 0.521484375 0.251953125 0.0625 0.07421875
0 0.4052734375 0.2919921875 0.072265625 0.080078125
0 0.34765625 0.126953125 0.15625 0.22265625
0 0.203125 0.0390625 0.1171875 0.078125
0 0.185546875 0.177734375 0.04296875 0.140625
0 0.3818359375 0.37109375 0.056640625 0.04296875
0 0.5048828125 0.3134765625 0.041015625 0.044921875
0 0.5791015625 0.41015625 0.037109375 0.06640625
5 0.486328125 0.419921875 0.05859375 0.0703125
