1 0.0556640625 0.1865234375 0.111328125 0.224609375
0 0.6689453125 0.36328125 0.126953125 0.2734375
0 0.79296875 0.8525390625 0.125 0.236328125
0 0.8359375 0.361328125 0.13671875 0.23046875
0 0.3115234375 0.4619140625 0.154296875 0.236328125
0 0.4765625 0.4921875 0.06640625 0.32421875
0 0.4638671875 0.1611328125 0.166015625 0.197265625
0 0.4775390625 0.8974609375 0.115234375 0.173828125
0 0.6640625 0.673828125 0.11328125 0.1953125
0 0.4375 0.7412109375 0.09765625 0.083984375
0 0.2705078125 0.91015625 0.056640625 0.11328125
0 0.701171875 0.9130859375 0.0703125 0.115234375
0 0.6435546875 0.1015625 0.083984375 0.0546875
0 0.7177734375 0.146484375 0.095703125 0.06640625
0 0.318359375 0.25 0.0546875 0.11328125
0 0.0458984375 0.2529296875 0.041015625 0.037109375
0 0.037109375 0.39453125 0.05859375 0.16796875
0 0.9365234375 0.541015625 0.115234375 0.15625
0 0.9560546875 0.3408203125 0.087890625 0.177734375
0 0.849609375 0.578125 0.0546875 0.06640625
