5 0.1259765625 0.806640625 0.095703125 0.1015625
5 0.4765625 0.77734375 0.1015625 0.0703125
5 0.453125 0.9111328125 0.0625 0.052734375
5 0.712890625 0.80859375 0.0546875 0.05859375
5 0.7373046875 0.9365234375 0.103515625 0.052734375
5 0.462890625 0.5400390625 0.08984375 0.052734375
5 0.3681640625 0.388671875 0.072265625 0.05859375
5 0.748046875 0.5400390625 0.04296875 0.060546875
5 0.7255859375 0.6328125 0.138671875 0.12109375
5 0.572265625 0.19921875 0.140625 0.1796875
5 0.0849609375 0.107421875 0.037109375 0.04296875
0 0.080078125 0.2646484375 0.109375 0.220703125
0 0.345703125 0.1357421875 0.1875 0.224609375
0 0.2314453125 0.28125 0.208984375 0.3359375
0 0.3388671875 0.62890625 0.224609375 0.2890625
0 0.1328125 0.662109375 0.22265625 0.171875
0 0.35546875 0.9423828125 0.14453125 0.095703125
0 0.806640625 0.13671875 0.33203125 0.2734375
0 0.7783203125 0.37109375 0.083984375 0.171875
0 0.9384765625 0.529296875 0.095703125 0.4296875
0 0.9365234375 0.8408203125 0.123046875 0.193359375
0 0.5126953125 0.6728515625 0.052734375 0.076171875
5 0.541015625 0.4267578125 0.15625 0.072265625
