0 0.84375 0.3505859375 0.140625 0.216796875
0 0.6650390625 0.3505859375 0.130859375 0.244140625
0 0.77734375 0.857421875 0.171875 0.23046875
0 0.453125 0.919921875 0.09765625 0.0859375
0 0.31640625 0.439453125 0.16015625 0.30859375
0 0.408203125 0.0869140625 0.09765625 0.060546875
0 0.2822265625 0.87890625 0.064453125 0.171875
1 0.0595703125 0.2099609375 0.115234375 0.294921875
0 0.318359375 0.201171875 0.05078125 0.05078125
0 0.3857421875 0.19921875 0.072265625 0.0546875
0 0.4892578125 0.1630859375 0.111328125 0.115234375
0 0.4765625 0.2587890625 0.06640625 0.064453125
0 0.4765625 0.3837890625 0.046875 0.126953125
0 0.4560546875 0.515625 0.044921875 0.125
0 0.4453125 0.625 0.07421875 0.12109375
0 0.51171875 0.6171875 0.05078125 0.06640625
0 0.556640625 0.7080078125 0.03125 0.083984375
0 0.65234375 0.705078125 0.15625 0.08203125
0 0.43359375 0.71484375 0.08984375 0.0625
0 0.224609375 0.5791015625 0.05859375 0.146484375
0 0.1630859375 0.6767578125 0.033203125 0.048828125
0 0.0390625 0.4404296875 0.0546875 0.080078125
0 0.9638671875 0.3388671875 0.064453125 0.201171875
0 0.95703125 0.54296875 0.09375 0.19140625
0 0.8486328125 0.5615234375 0.033203125 0.044921875
0 0.7314453125 0.154296875 0.080078125 0.0703125
0 0.6484375 0.083984375 0.05859375 0.05859375
0 0.59375 0.9453125 0.078125 0.046875
0 0.47265625 0.82421875 0.0859375 0.0546875
0 0.2119140625 0.91015625 0.052734375 0.109375
0 0.0458984375 0.30859375 0.041015625 0.06640625
4 0.2998046875 0.5166015625 0.443359375 0.849609375
