5 0.4580078125 0.9130859375 0.052734375 0.033203125
5 0.1259765625 0.810546875 0.111328125 0.08203125
5 0.4892578125 0.7802734375 0.103515625 0.083984375
5 0.44921875 0.5439453125 0.046875 0.048828125
5 0.4111328125 0.4345703125 0.033203125 0.041015625
5 0.6630859375 0.4140625 0.033203125 0.05078125
5 0.2626953125 0.818359375 0.033203125 0.05078125
0 0.1875 0.1875 0.046875 0.140625
0 0.078125 0.25390625 0.0703125 0.19140625
0 0.65234375 0.2421875 0.10546875 0.14453125
0 0.310546875 0.62890625 0.109375 0.19921875
0 0.8447265625 0.1376953125 0.095703125 0.169921875
0 0.6982421875 0.0576171875 0.064453125 0.099609375
0 0.9443359375 0.8349609375 0.048828125 0.111328125
0 0.859375 0.642578125 0.03515625 0.11328125
0 0.3583984375 0.9462890625 0.107421875 0.080078125
0 0.33203125 0.1181640625 0.15234375 0.201171875
0 0.1904296875 0.033203125 0.087890625 0.06640625
0 0.79296875 0.435546875 0.05078125 0.2734375
5 0.72265625 0.646484375 0.1171875 0.10546875
5 0.708984375 0.818359375 0.046875 0.04296875
0 0.109375 0.658203125 0.16796875 0.1640625
5 0.46875 0.6572265625 0.046875 0.060546875
5 0.4013671875 0.7333984375 0.080078125 0.056640625
0 0.189453125 0.3681640625 0.13671875 0.177734375
0 0.287109375 0.2392578125 0.09375 0.154296875
0 0.38671875 0.30859375 0.0859375 0.07421875
0 0.3662109375 0.3857421875 0.072265625 0.068359375
0 0.505859375 0.1318359375 0.203125 0.193359375
0 0.9521484375 0.1220703125 0.076171875 0.154296875
0 0.939453125 0.1943359375 0.0390625 0.068359375
0 0.9375 0.31640625 0.1171875 0.1484375
0 0.9658203125 0.4677734375 0.064453125 0.099609375
0 0.9521484375 0.5810546875 0.064453125 0.166015625
0 0.9013671875 0.71875 0.087890625 0.1328125
0 0.8212890625 0.8388671875 0.068359375 0.076171875
0 0.73828125 0.931640625 0.09765625 0.078125
0 0.87109375 0.947265625 0.078125 0.0859375
0 0.9375 0.8515625 0.1015625 0.12890625
5 0.3798828125 0.798828125 0.080078125 0.05078125
5 0.18359375 0.912109375 0.046875 0.05078125
5 0.48828125 0.4501953125 0.07421875 0.080078125
5 0.578125 0.443359375 0.05078125 0.05859375
4 0.0712890625 0.34765625 0.123046875 0.53125
