0 0.2802734375 0.6201171875 0.173828125 0.216796875
0 0.1015625 0.62109375 0.109375 0.1875
0 0.330078125 0.109375 0.1640625 0.1953125
0 0.08203125 0.2216796875 0.08203125 0.212890625
0 0.1875 0.3251953125 0.09765625 0.166015625
0 0.74609375 0.14453125 0.265625 0.2890625
0 0.8544921875 0.720703125 0.099609375 0.20703125
0 0.900390625 0.8759765625 0.08984375 0.123046875
0 0.9541015625 0.4208984375 0.080078125 0.376953125
0 0.5078125 0.265625 0.07421875 0.07421875
0 0.521484375 0.1220703125 0.16796875 0.197265625
0 0.216796875 0.9228515625 0.2421875 0.126953125
5 0.4091796875 0.7783203125 0.095703125 0.080078125
5 0.3798828125 0.9130859375 0.068359375 0.056640625
5 0.6630859375 0.8271484375 0.076171875 0.083984375
0 0.7646484375 0.47265625 0.083984375 0.31640625
5 0.4228515625 0.50390625 0.095703125 0.1328125
5 0.6865234375 0.6630859375 0.103515625 0.115234375
5 0.603515625 0.26171875 0.0859375 0.0703125
0 0.3544921875 0.298828125 0.044921875 0.046875
0 0.3271484375 0.3857421875 0.103515625 0.072265625
0 0.5009765625 0.359375 0.072265625 0.10546875
0 0.6923828125 0.3486328125 0.076171875 0.103515625
5 0.5517578125 0.4267578125 0.044921875 0.052734375
5 0.634765625 0.4169921875 0.09765625 0.087890625
5 0.4111328125 0.65625 0.052734375 0.08203125
5 0.466796875 0.6826171875 0.05078125 0.095703125
0 0.830078125 0.970703125 0.08984375 0.04296875
0 0.6513671875 0.974609375 0.041015625 0.03125
5 0.0556640625 0.791015625 0.099609375 0.08984375
0 0.9208984375 0.103515625 0.138671875 0.1875
