5 0.4375 0.7607421875 0.11328125 0.068359375
5 0.3994140625 0.9013671875 0.056640625 0.033203125
5 0.408203125 0.5244140625 0.0390625 0.048828125
0 0.712890625 0.134765625 0.14453125 0.25
0 0.322265625 0.1162109375 0.1484375 0.185546875
0 0.173828125 0.21484375 0.05078125 0.21484375
0 0.322265625 0.626953125 0.125 0.109375
0 0.0888671875 0.634765625 0.119140625 0.15625
0 0.2587890625 0.9140625 0.181640625 0.140625
0 0.9326171875 0.8369140625 0.072265625 0.119140625
0 0.9560546875 0.296875 0.060546875 0.12109375
0 0.9521484375 0.5185546875 0.083984375 0.212890625
0 0.7744140625 0.40625 0.064453125 0.2421875
0 0.541015625 0.1533203125 0.12109375 0.103515625
5 0.34375 0.3701171875 0.0625 0.029296875
5 0.1650390625 0.392578125 0.048828125 0.04296875
5 0.6748046875 0.8125 0.041015625 0.04296875
5 0.08203125 0.7841796875 0.08984375 0.072265625
0 0.0703125 0.228515625 0.0859375 0.19140625
0 0.234375 0.5625 0.078125 0.1015625
0 0.2109375 0.6826171875 0.12890625 0.111328125
5 0.6767578125 0.6396484375 0.091796875 0.111328125
0 0.7333984375 0.591796875 0.130859375 0.140625
0 0.8154296875 0.6416015625 0.048828125 0.111328125
0 0.869140625 0.7236328125 0.109375 0.142578125
0 0.84375 0.9599609375 0.09765625 0.072265625
0 0.7021484375 0.9365234375 0.103515625 0.072265625
0 0.5 0.2451171875 0.07421875 0.056640625
0 0.498046875 0.322265625 0.0859375 0.0390625
0 0.8134765625 0.1337890625 0.115234375 0.197265625
0 0.9345703125 0.09765625 0.115234375 0.17578125
0 0.462890625 0.1123046875 0.1328125 0.173828125
0 0.2021484375 0.046875 0.138671875 0.0859375
0 0.265625 0.212890625 0.09765625 0.1640625
0 0.6826171875 0.3271484375 0.099609375 0.107421875
5 0.6357421875 0.404296875 0.091796875 0.0703125
5 0.5498046875 0.4228515625 0.044921875 0.060546875
0 0.4697265625 0.6591796875 0.060546875 0.072265625
5 0.427734375 0.63671875 0.0390625 0.078125
