2 0.6787109375 0.2392578125 0.126953125 0.365234375
2 0.359375 0.5986328125 0.078125 0.197265625
2 0.359375 0.2939453125 0.0625 0.216796875
2 0.5244140625 0.3544921875 0.201171875 0.650390625
4 0.869140625 0.49609375 0.21875 0.9609375
3 0.775390625 0.5009765625 0.4296875 0.970703125
2 0.1337890625 0.494140625 0.248046875 0.984375
2 0.1796875 0.7744140625 0.08203125 0.314453125
2 0.0810546875 0.71484375 0.111328125 0.30859375
2 0.0830078125 0.48046875 0.095703125 0.13671875
2 0.1884765625 0.3173828125 0.080078125 0.162109375
2 0.1611328125 0.1611328125 0.103515625 0.169921875
2 0.1728515625 0.4970703125 0.056640625 0.150390625
2 0.3837890625 0.853515625 0.111328125 0.14453125
2 0.5263671875 0.7509765625 0.048828125 0.095703125
2 0.4990234375 0.4208984375 0.068359375 0.142578125
2 0.478515625 0.2841796875 0.05078125 0.083984375
2 0.548828125 0.240234375 0.078125 0.18359375
2 0.4853515625 0.119140625 0.080078125 0.12890625
2 0.5771484375 0.4580078125 0.048828125 0.123046875
2 0.5849609375 0.59765625 0.060546875 0.12890625
2 0.662109375 0.537109375 0.05859375 0.1171875
2 0.275390625 0.6396484375 0.06640625 0.154296875
