0 0.6904296875 0.4228515625 0.244140625 0.208984375
0 0.87109375 0.29296875 0.09375 0.2421875
0 0.6015625 0.19921875 0.2109375 0.171875
2 0.623046875 0.2080078125 0.16015625 0.154296875
2 0.701171875 0.419921875 0.203125 0.1796875
2 0.103515625 0.6865234375 0.10546875 0.439453125
2 0.0703125 0.7509765625 0.140625 0.345703125
2 0.23828125 0.091796875 0.359375 0.0703125
2 0.625 0.615234375 0.12890625 0.08984375
0 0.0234375 0.2607421875 0.0390625 0.123046875
0 0.1611328125 0.390625 0.052734375 0.0625
3 0.5361328125 0.875 0.701171875 0.2265625
0 0.34765625 0.03125 0.13671875 0.0546875
0 0.220703125 0.109375 0.07421875 0.0859375
