2 0.5009765625 0.1845703125 0.974609375 0.248046875
2 0.427734375 0.9169921875 0.18359375 0.162109375
2 0.4609375 0.642578125 0.1328125 0.2265625
2 0.740234375 0.5576171875 0.1171875 0.314453125
2 0.0859375 0.4033203125 0.16015625 0.154296875
2 0.2431640625 0.388671875 0.087890625 0.13671875
2 0.4052734375 0.447265625 0.064453125 0.06640625
2 0.2900390625 0.6025390625 0.146484375 0.228515625
2 0.0615234375 0.642578125 0.111328125 0.15234375
2 0.15625 0.6494140625 0.05859375 0.083984375
2 0.185546875 0.5673828125 0.0546875 0.041015625
2 0.0244140625 0.765625 0.048828125 0.06640625
2 0.0634765625 0.86328125 0.134765625 0.1171875
2 0.2138671875 0.7978515625 0.173828125 0.212890625
