0 0.2958984375 0.62890625 0.115234375 0.2109375
0 0.240234375 0.755859375 0.12890625 0.11328125
0 0.0703125 0.6953125 0.09375 0.17578125
0 0.09375 0.4150390625 0.15625 0.162109375
0 0.2275390625 0.3349609375 0.150390625 0.177734375
2 0.7392578125 0.3779296875 0.123046875 0.244140625
2 0.5126953125 0.6357421875 0.142578125 0.189453125
2 0.41015625 0.453125 0.1171875 0.12109375
2 0.3388671875 0.18359375 0.091796875 0.08203125
3 0.783203125 0.736328125 0.26171875 0.30859375
3 0.462890625 0.9052734375 0.359375 0.087890625
3 0.537109375 0.181640625 0.265625 0.28515625
3 0.0859375 0.181640625 0.109375 0.07421875
