0 0.720703125 0.400390625 0.125 0.203125
0 0.1396484375 0.4345703125 0.158203125 0.130859375
0 0.3447265625 0.6201171875 0.091796875 0.244140625
0 0.2353515625 0.779296875 0.150390625 0.109375
0 0.3642578125 0.056640625 0.072265625 0.0859375
0 0.2939453125 0.359375 0.083984375 0.12109375
0 0.4755859375 0.6201171875 0.083984375 0.115234375
0 0.45703125 0.43359375 0.0859375 0.08984375
3 0.6396484375 0.541015625 0.587890625 0.70703125
0 0.0947265625 0.64453125 0.068359375 0.09765625
0 0.0849609375 0.751953125 0.052734375 0.0625
0 0.0341796875 0.8525390625 0.052734375 0.107421875
0 0.0224609375 0.4140625 0.044921875 0.27734375
0 0.0478515625 0.1689453125 0.037109375 0.048828125
0 0.7177734375 0.091796875 0.087890625 0.17578125
0 0.50390625 0.2490234375 0.05859375 0.037109375
0 0.4140625 0.2421875 0.05859375 0.046875
0 0.8359375 0.3701171875 0.07421875 0.072265625
