0 0.1015625 0.5634765625 0.203125 0.126953125
0 0.150390625 0.8017578125 0.27734375 0.271484375
0 0.3408203125 0.572265625 0.037109375 0.05859375
5 0.5185546875 0.3125 0.138671875 0.21484375
5 0.3505859375 0.2080078125 0.044921875 0.060546875
5 0.833984375 0.6513671875 0.0625 0.228515625
5 0.572265625 0.5322265625 0.0390625 0.048828125
5 0.5908203125 0.609375 0.060546875 0.06640625
3 0.47265625 0.279296875 0.828125 0.53125
3 0.5517578125 0.7939453125 0.404296875 0.357421875
0 0.404296875 0.05078125 0.109375 0.09375
