2 0.04513888888888889 0.1076388888888889 0.0798611111111111 0.0625
2 0.11371527777777778 0.03298611111111111 0.2170138888888889 0.05555555555555555
2 0.8567708333333334 0.03125 0.2517361111111111 0.052083333333333336
2 0.1605902777777778 0.9704861111111112 0.3107638888888889 0.052083333333333336
0 0.5824652777777778 0.15104166666666666 0.08854166666666667 0.052083333333333336
0 0.6527777777777778 0.1675347222222222 0.052083333333333336 0.026041666666666668
0 0.7118055555555556 0.07465277777777778 0.03819444444444445 0.034722222222222224
0 0.7760416666666666 0.1467013888888889 0.020833333333333332 0.026041666666666668
0 0.8602430555555556 0.1970486111111111 0.029513888888888888 0.022569444444444444
0 0.8819444444444444 0.21788194444444445 0.027777777777777776 0.029513888888888888
0 0.7430555555555556 0.4435763888888889 0.03125 0.022569444444444444
4 0.2907986111111111 0.2534722222222222 0.4670138888888889 0.3645833333333333
4 0.4314236111111111 0.5642361111111112 0.7517361111111112 0.3506944444444444
4 0.2864583333333333 0.8663194444444444 0.2847222222222222 0.14930555555555555
