2 0.3935546875 0.2060546875 0.298828125 0.236328125
2 0.3486328125 0.4052734375 0.146484375 0.208984375
2 0.173828125 0.8466796875 0.078125 0.095703125
2 0.251953125 0.71484375 0.05859375 0.078125
2 0.357421875 0.828125 0.03515625 0.0859375
2 0.3388671875 0.962890625 0.041015625 0.06640625
2 0.357421875 0.6982421875 0.0546875 0.068359375
2 0.1181640625 0.4716796875 0.076171875 0.107421875
5 0.7314453125 0.90625 0.076171875 0.0703125
5 0.552734375 0.4375 0.06640625 0.10546875
5 0.9677734375 0.802734375 0.037109375 0.0625
