5 0.8759765625 0.353515625 0.228515625 0.1953125
5 0.7490234375 0.36328125 0.177734375 0.09765625
5 0.6533203125 0.88671875 0.134765625 0.21875
5 0.6962890625 0.7138671875 0.134765625 0.126953125
5 0.287109375 0.7099609375 0.1328125 0.166015625
5 0.111328125 0.6640625 0.1015625 0.09765625
1 0.0908203125 0.8759765625 0.150390625 0.154296875
4 0.552734375 0.3994140625 0.359375 0.275390625
5 0.443359375 0.615234375 0.0625 0.05078125
5 0.0751953125 0.2666015625 0.048828125 0.056640625
5 0.75390625 0.8349609375 0.04296875 0.033203125
5 0.8955078125 0.525390625 0.068359375 0.125
5 0.9287109375 0.6005859375 0.041015625 0.056640625
5 0.224609375 0.373046875 0.05078125 0.05078125
5 0.1611328125 0.1826171875 0.044921875 0.048828125
5 0.2177734375 0.205078125 0.041015625 0.04296875
