5 0.83984375 0.3173828125 0.2890625 0.228515625
5 0.859375 0.7568359375 0.04296875 0.041015625
5 0.8779296875 0.8203125 0.037109375 0.0703125
5 0.615234375 0.8857421875 0.0625 0.060546875
5 0.8984375 0.9052734375 0.0546875 0.048828125
5 0.3212890625 0.841796875 0.056640625 0.06640625
5 0.0927734375 0.7998046875 0.068359375 0.068359375
5 0.046875 0.630859375 0.08984375 0.07421875
5 0.146484375 0.5908203125 0.05078125 0.037109375
5 0.6259765625 0.76171875 0.052734375 0.046875
5 0.736328125 0.65234375 0.046875 0.0546875
4 0.501953125 0.3603515625 0.1484375 0.072265625
