5 0.904296875 0.244140625 0.16796875 0.32421875
5 0.7890625 0.31640625 0.2109375 0.12890625
5 0.4541015625 0.8037109375 0.044921875 0.041015625
5 0.3974609375 0.841796875 0.041015625 0.0546875
5 0.306640625 0.9541015625 0.0625 0.048828125
5 0.6728515625 0.927734375 0.048828125 0.09765625
5 0.810546875 0.7626953125 0.04296875 0.091796875
5 0.90625 0.666015625 0.0390625 0.046875
5 0.7919921875 0.6923828125 0.037109375 0.052734375
5 0.666015625 0.7744140625 0.06640625 0.041015625
5 0.02734375 0.587890625 0.0390625 0.06640625
5 0.1875 0.6845703125 0.02734375 0.048828125
