5 0.90625 0.3232421875 0.16796875 0.400390625
5 0.7529296875 0.3447265625 0.189453125 0.107421875
5 0.353515625 0.8154296875 0.06640625 0.060546875
5 0.384765625 0.9013671875 0.08984375 0.060546875
5 0.8583984375 0.908203125 0.095703125 0.08984375
5 0.65234375 0.7978515625 0.06640625 0.115234375
5 0.05078125 0.2216796875 0.0625 0.060546875
5 0.4677734375 0.05859375 0.076171875 0.07421875
5 0.7080078125 0.05859375 0.080078125 0.11328125
5 0.767578125 0.673828125 0.05078125 0.0703125
5 0.4453125 0.7275390625 0.09375 0.072265625
5 0.2314453125 0.6142578125 0.044921875 0.044921875
5 0.0810546875 0.50390625 0.037109375 0.046875
