4 0.5008680555555556 0.6354166666666666 0.8871527777777778 0.6111111111111112
4 0.2404513888888889 0.14756944444444445 0.3246527777777778 0.18055555555555555
5 0.671875 0.2552083333333333 0.5381944444444444 0.4027777777777778
0 0.4973958333333333 0.18663194444444445 0.022569444444444444 0.046875
0 0.4340277777777778 0.10590277777777778 0.024305555555555556 0.020833333333333332
0 0.6371527777777778 0.1328125 0.06597222222222222 0.03298611111111111
0 0.5746527777777778 0.1545138888888889 0.034722222222222224 0.05555555555555555
0 0.6779513888888888 0.2456597222222222 0.03298611111111111 0.036458333333333336
0 0.8168402777777778 0.2690972222222222 0.019097222222222224 0.024305555555555556
0 0.7430555555555556 0.2578125 0.03125 0.046875
0 0.8446180555555556 0.3845486111111111 0.026041666666666668 0.029513888888888888
0 0.8359375 0.2942708333333333 0.019097222222222224 0.026041666666666668
0 0.8619791666666666 0.3142361111111111 0.026041666666666668 0.024305555555555556
0 0.8854166666666666 0.2248263888888889 0.020833333333333332 0.029513888888888888
0 0.8220486111111112 0.1640625 0.03298611111111111 0.026041666666666668
0 0.8298611111111112 0.1857638888888889 0.024305555555555556 0.03125
0 0.7751736111111112 0.1423611111111111 0.019097222222222224 0.020833333333333332
0 0.8940972222222222 0.4149305555555556 0.017361111111111112 0.03125
0 0.9305555555555556 0.4201388888888889 0.03125 0.041666666666666664
0 0.5625 0.2786458333333333 0.020833333333333332 0.026041666666666668
0 0.5416666666666666 0.25 0.027777777777777776 0.034722222222222224
0 0.5251736111111112 0.1701388888888889 0.03298611111111111 0.041666666666666664
0 0.4956597222222222 0.10243055555555555 0.026041666666666668 0.020833333333333332
0 0.5729166666666666 0.07725694444444445 0.03125 0.029513888888888888
