3 0.4766666666666667 0.5315217391304348 0.74 0.7369565217391304
2 0.11555555555555555 0.9423913043478261 0.22666666666666666 0.08043478260869565
2 0.8922222222222222 0.9380434782608695 0.20666666666666667 0.06304347826086956
2 0.09888888888888889 0.15760869565217392 0.19777777777777777 0.06304347826086956
0 0.4711111111111111 0.6923913043478261 0.03111111111111111 0.03260869565217391
0 0.4633333333333333 0.7445652173913043 0.051111111111111114 0.06304347826086956
0 0.48 0.4532608695652174 0.017777777777777778 0.01956521739130435
0 0.4588888888888889 0.47608695652173916 0.024444444444444446 0.02608695652173913
0 0.42777777777777776 0.508695652173913 0.024444444444444446 0.02608695652173913
0 0.5022222222222222 0.5152173913043478 0.022222222222222223 0.02608695652173913
0 0.41555555555555557 0.391304347826087 0.03111111111111111 0.030434782608695653
0 0.5633333333333334 0.1815217391304348 0.051111111111111114 0.03260869565217391
4 0.5911111111111111 0.5684782608695652 0.1111111111111111 0.10652173913043478
