0 0.10650224215246637 0.240625 0.05605381165919283 0.052083333333333336
0 0.48878923766816146 0.23958333333333334 0.14349775784753363 0.05416666666666667
0 0.5044843049327354 0.309375 0.06726457399103139 0.03958333333333333
0 0.27466367713004486 0.07083333333333333 0.0515695067264574 0.029166666666666667
0 0.3508968609865471 0.06770833333333333 0.0515695067264574 0.03125
0 0.4439461883408072 0.071875 0.04932735426008968 0.03958333333333333
0 0.476457399103139 0.13125 0.04708520179372197 0.0625
0 0.5392376681614349 0.15104166666666666 0.06950672645739911 0.06041666666666667
0 0.6121076233183856 0.13333333333333333 0.04932735426008968 0.03333333333333333
0 0.6591928251121076 0.2677083333333333 0.05829596412556054 0.08958333333333333
0 0.8060538116591929 0.34375 0.1905829596412556 0.14583333333333334
0 0.8721973094170403 0.5 0.03587443946188341 0.04583333333333333
0 0.7645739910313901 0.496875 0.04484304932735426 0.04375
0 0.67152466367713 0.4354166666666667 0.03811659192825112 0.04583333333333333
0 0.8060538116591929 0.6260416666666667 0.06053811659192825 0.04375
0 0.8452914798206278 0.7625 0.05829596412556054 0.041666666666666664
0 0.6535874439461884 0.71875 0.04708520179372197 0.0375
0 0.7174887892376681 0.6916666666666667 0.053811659192825115 0.0375
0 0.24103139013452915 0.6020833333333333 0.07399103139013453 0.04583333333333333
0 0.13452914798206278 0.42916666666666664 0.04035874439461883 0.04583333333333333
0 0.06278026905829596 0.29375 0.03139013452914798 0.04583333333333333
0 0.4966367713004484 0.7635416666666667 0.0515695067264574 0.07291666666666667
0 0.5997757847533632 0.8677083333333333 0.16367713004484305 0.13541666666666666
0 0.7017937219730942 0.8177083333333334 0.13901345291479822 0.13541666666666666
0 0.7062780269058296 0.8979166666666667 0.04932735426008968 0.041666666666666664
0 0.7040358744394619 0.9625 0.04035874439461883 0.05
0 0.7511210762331838 0.946875 0.053811659192825115 0.04375
0 0.874439461883408 0.8427083333333333 0.04932735426008968 0.03958333333333333
0 0.8307174887892377 0.8916666666666667 0.04708520179372197 0.03333333333333333
0 0.4798206278026906 0.9135416666666667 0.12556053811659193 0.07708333333333334
0 0.4820627802690583 0.834375 0.04035874439461883 0.04375
0 0.22869955156950672 0.971875 0.08071748878923767 0.03958333333333333
0 0.3710762331838565 0.9541666666666667 0.226457399103139 0.08333333333333333
0 0.1961883408071749 0.921875 0.05605381165919283 0.03125
0 0.10986547085201794 0.896875 0.06726457399103139 0.06041666666666667
0 0.5930493273542601 0.6697916666666667 0.042600896860986545 0.052083333333333336
0 0.6188340807174888 0.6135416666666667 0.03587443946188341 0.052083333333333336
0 0.3867713004484305 0.228125 0.04708520179372197 0.035416666666666666
0 0.35201793721973096 0.26875 0.09417040358744394 0.05
0 0.27914798206278024 0.196875 0.04708520179372197 0.05625
0 0.273542600896861 0.11666666666666667 0.053811659192825115 0.03333333333333333
0 0.39349775784753366 0.11770833333333333 0.11434977578475336 0.04375
0 0.3396860986547085 0.16041666666666668 0.07847533632286996 0.041666666666666664
0 0.2399103139013453 0.17291666666666666 0.04484304932735426 0.04583333333333333
0 0.19730941704035873 0.14166666666666666 0.05829596412556054 0.0375
