0 0.24327354260089687 0.5875 0.06502242152466367 0.029166666666666667
0 0.08968609865470852 0.8760416666666667 0.03139013452914798 0.03125
0 0.11547085201793722 0.903125 0.04708520179372197 0.04375
0 0.19170403587443946 0.9145833333333333 0.02914798206278027 0.020833333333333332
0 0.22757847533632286 0.971875 0.06950672645739911 0.04791666666666667
0 0.3665919282511211 0.94375 0.2085201793721973 0.10416666666666667
0 0.437219730941704 0.9041666666666667 0.03139013452914798 0.05
0 0.47085201793721976 0.8708333333333333 0.02242152466367713 0.025
0 0.4730941704035874 0.9104166666666667 0.03139013452914798 0.029166666666666667
0 0.5168161434977578 0.9208333333333333 0.06502242152466367 0.03333333333333333
0 0.6109865470852018 0.8614583333333333 0.1547085201793722 0.15208333333333332
0 0.679372197309417 0.76875 0.07623318385650224 0.0625
0 0.7354260089686099 0.8270833333333333 0.08520179372197309 0.08333333333333333
0 0.7152466367713004 0.884375 0.04035874439461883 0.03958333333333333
0 0.718609865470852 0.9552083333333333 0.13228699551569506 0.027083333333333334
0 0.6154708520179372 0.971875 0.04708520179372197 0.035416666666666666
0 0.7376681614349776 0.984375 0.06278026905829596 0.027083333333333334
0 0.5 0.7229166666666667 0.03139013452914798 0.029166666666666667
0 0.4966367713004484 0.7604166666666666 0.04708520179372197 0.041666666666666664
0 0.13228699551569506 0.40625 0.04035874439461883 0.041666666666666664
0 0.10874439461883408 0.22395833333333334 0.06502242152466367 0.05625
0 0.226457399103139 0.14270833333333333 0.04932735426008968 0.035416666666666666
0 0.2836322869955157 0.178125 0.0515695067264574 0.03958333333333333
0 0.1860986547085202 0.265625 0.03587443946188341 0.03125
0 0.2858744394618834 0.04791666666666667 0.0515695067264574 0.05416666666666667
0 0.3576233183856502 0.04479166666666667 0.042600896860986545 0.04791666666666667
0 0.44170403587443946 0.04791666666666667 0.03587443946188341 0.04583333333333333
0 0.39349775784753366 0.042708333333333334 0.02914798206278027 0.035416666666666666
0 0.3968609865470852 0.09375 0.1031390134529148 0.05
0 0.47197309417040356 0.10625 0.03811659192825112 0.05416666666666667
0 0.5291479820627802 0.10104166666666667 0.04035874439461883 0.03125
0 0.5639013452914798 0.13854166666666667 0.04708520179372197 0.04375
0 0.6154708520179372 0.103125 0.033632286995515695 0.027083333333333334
0 0.5874439461883408 0.17291666666666666 0.03139013452914798 0.029166666666666667
0 0.6591928251121076 0.234375 0.04035874439461883 0.06875
0 0.7230941704035875 0.215625 0.02466367713004484 0.027083333333333334
0 0.7286995515695067 0.253125 0.026905829596412557 0.03125
0 0.7612107623318386 0.3 0.10089686098654709 0.07916666666666666
0 0.8396860986547086 0.3614583333333333 0.11434977578475336 0.06875
0 0.874439461883408 0.303125 0.08520179372197309 0.04375
0 0.7914798206278026 0.22083333333333333 0.04932735426008968 0.05
0 0.44506726457399104 0.21770833333333334 0.14573991031390135 0.05625
0 0.5448430493273543 0.23854166666666668 0.04484304932735426 0.03958333333333333
0 0.5134529147982063 0.2947916666666667 0.06278026905829596 0.05625
0 0.7724215246636771 0.47604166666666664 0.03811659192825112 0.027083333333333334
0 0.8789237668161435 0.48020833333333335 0.026905829596412557 0.022916666666666665
0 0.8195067264573991 0.6104166666666667 0.05605381165919283 0.03333333333333333
0 0.8565022421524664 0.6385416666666667 0.026905829596412557 0.03125
0 0.8565022421524664 0.746875 0.053811659192825115 0.04375
0 0.7668161434977578 0.7822916666666667 0.03587443946188341 0.022916666666666665
0 0.7309417040358744 0.7635416666666667 0.02242152466367713 0.027083333333333334
0 0.5964125560538116 0.6604166666666667 0.04035874439461883 0.041666666666666664
0 0.8789237668161435 0.8260416666666667 0.03587443946188341 0.03125
0 0.8766816143497758 0.8989583333333333 0.03587443946188341 0.035416666666666666
