0 0.47230320699708456 0.31805929919137466 0.05830903790087463 0.08086253369272237
0 0.41545189504373176 0.37735849056603776 0.10787172011661808 0.05929919137466307
0 0.8381924198250729 0.2668463611859838 0.11370262390670553 0.0862533692722372
0 0.9708454810495627 0.18328840970350405 0.04664723032069971 0.0646900269541779
2 0.9591836734693877 0.1495956873315364 0.06997084548104957 0.13746630727762804
0 0.2536443148688047 0.49326145552560646 0.0641399416909621 0.04851752021563342
0 0.018950437317784258 0.7668463611859838 0.03206997084548105 0.16442048517520216
0 0.7536443148688047 0.5835579514824798 0.061224489795918366 0.05660377358490566
0 0.8819241982507289 0.7129380053908356 0.07871720116618076 0.05121293800539083
0 0.9635568513119533 0.7142857142857143 0.06705539358600583 0.05929919137466307
4 0.7288629737609329 0.8328840970350404 0.5131195335276968 0.31805929919137466
0 0.978134110787172 0.49595687331536387 0.037900874635568516 0.03773584905660377
0 0.33527696793002915 0.9878706199460916 0.04081632653061224 0.013477088948787063
