4 0.16034985422740525 0.816711590296496 0.31486880466472306 0.3504043126684636
0 0.27405247813411077 0.7816711590296496 0.052478134110787174 0.03773584905660377
0 0.4606413994169096 0.7911051212938005 0.04664723032069971 0.05121293800539083
0 0.49854227405247814 0.9016172506738545 0.07580174927113703 0.0889487870619946
0 0.6268221574344023 0.7425876010781671 0.18658892128279883 0.09973045822102426
0 0.8833819241982507 0.5700808625336927 0.09912536443148688 0.09433962264150944
0 0.8542274052478134 0.8274932614555256 0.2857142857142857 0.3288409703504043
0 0.9198250728862973 0.26819407008086255 0.026239067055393587 0.029649595687331536
0 0.8848396501457726 0.27088948787061995 0.026239067055393587 0.029649595687331536
0 0.685131195335277 0.057951482479784364 0.08163265306122448 0.11590296495956873
0 0.4752186588921283 0.4002695417789757 0.0641399416909621 0.05121293800539083
0 0.34839650145772594 0.4029649595687331 0.037900874635568516 0.04043126684636118
0 0.19096209912536444 0.3908355795148248 0.0728862973760933 0.04851752021563342
0 0.10204081632653061 0.40970350404312667 0.0641399416909621 0.0431266846361186
0 0.2988338192419825 0.47304582210242585 0.037900874635568516 0.029649595687331536
0 0.23323615160349853 0.4973045822102426 0.04081632653061224 0.03504043126684636
1 0.7142857142857143 0.7735849056603774 0.5597667638483965 0.42048517520215634
3 0.49854227405247814 0.4946091644204852 0.9387755102040817 0.9514824797843666
