2 0.28717201166180756 0.20215633423180593 0.30612244897959184 0.215633423180593
0 0.2434402332361516 0.2196765498652291 0.09037900874635568 0.07277628032345014
0 0.42128279883381925 0.23180592991913745 0.06705539358600583 0.03773584905660377
0 0.5102040816326531 0.4811320754716981 0.04081632653061224 0.029649595687331536
0 0.26239067055393583 0.3477088948787062 0.11078717201166181 0.0431266846361186
0 0.23323615160349853 0.6415094339622641 0.08163265306122448 0.11320754716981132
2 0.23615160349854228 0.6442048517520216 0.12244897959183673 0.1347708894878706
0 0.11370262390670553 0.633423180592992 0.04664723032069971 0.05390835579514825
2 0.027696793002915453 0.7008086253369272 0.04956268221574344 0.0646900269541779
0 0.9300291545189504 0.5188679245283019 0.04664723032069971 0.04043126684636118
0 0.9810495626822158 0.5269541778975741 0.03206997084548105 0.04043126684636118
0 0.8790087463556852 0.5350404312668463 0.03206997084548105 0.04043126684636118
0 0.5743440233236151 0.5148247978436657 0.04081632653061224 0.0215633423180593
0 0.9387755102040817 0.24258760107816713 0.04664723032069971 0.0431266846361186
4 0.8017492711370262 0.8045822102425876 0.3848396501457726 0.2884097035040431
2 0.8935860058309038 0.6819407008086253 0.13702623906705538 0.0431266846361186
