0 0.3206997084548105 0.2695417789757412 0.11078717201166181 0.0646900269541779
0 0.2521865889212828 0.23045822102425875 0.03206997084548105 0.029649595687331536
0 0.23323615160349853 0.353099730458221 0.08163265306122448 0.09703504043126684
0 0.04518950437317784 0.13881401617250674 0.08454810495626822 0.07816711590296496
0 0.11807580174927114 0.025606469002695417 0.03206997084548105 0.029649595687331536
0 0.8425655976676385 0.25471698113207547 0.05830903790087463 0.03504043126684636
0 0.9650145772594753 0.18328840970350405 0.0641399416909621 0.05929919137466307
0 0.5670553935860059 0.39622641509433965 0.04956268221574344 0.03234501347708895
0 0.8279883381924198 0.5377358490566038 0.08163265306122448 0.04043126684636118
0 0.9635568513119533 0.5269541778975741 0.037900874635568516 0.029649595687331536
0 0.46938775510204084 0.49865229110512127 0.04081632653061224 0.03234501347708895
0 0.04956268221574344 0.8814016172506739 0.08746355685131195 0.0862533692722372
0 0.5379008746355685 0.7088948787061995 0.026239067055393587 0.0215633423180593
0 0.6282798833819242 0.8921832884097035 0.043731778425655975 0.04851752021563342
0 0.7099125364431487 0.9231805929919138 0.026239067055393587 0.029649595687331536
4 0.7988338192419825 0.784366576819407 0.33819241982507287 0.23180592991913745
