2 0.111328125 0.869140625 0.20703125 0.21875
2 0.2138671875 0.5830078125 0.259765625 0.181640625
2 0.716796875 0.8271484375 0.14453125 0.044921875
2 0.8681640625 0.8525390625 0.048828125 0.025390625
2 0.8720703125 0.794921875 0.041015625 0.01171875
2 0.9296875 0.7177734375 0.0625 0.044921875
2 0.53125 0.4091796875 0.07421875 0.068359375
2 0.4521484375 0.501953125 0.041015625 0.0390625
2 0.5087890625 0.595703125 0.060546875 0.03515625
2 0.677734375 0.578125 0.11328125 0.046875
2 0.21484375 0.3203125 0.10546875 0.078125
2 0.60546875 0.166015625 0.046875 0.04296875
2 0.5439453125 0.259765625 0.048828125 0.04296875
5 0.716796875 0.8779296875 0.30078125 0.197265625
5 0.87109375 0.7294921875 0.1640625 0.126953125
1 0.8603515625 0.900390625 0.220703125 0.1015625
4 0.4970703125 0.3466796875 0.951171875 0.666015625
2 0.6455078125 0.4384765625 0.060546875 0.068359375
2 0.6416015625 0.33203125 0.041015625 0.05078125
2 0.4599609375 0.078125 0.048828125 0.04296875
