2 0.5576171875 0.2744140625 0.873046875 0.548828125
2 0.6865234375 0.8740234375 0.072265625 0.150390625
2 0.5517578125 0.892578125 0.052734375 0.1015625
2 0.447265625 0.857421875 0.06640625 0.08984375
2 0.41015625 0.9375 0.08203125 0.0703125
2 0.287109375 0.74609375 0.0546875 0.05859375
2 0.2958984375 0.8486328125 0.052734375 0.056640625
2 0.2373046875 0.7548828125 0.041015625 0.072265625
2 0.1845703125 0.7041015625 0.056640625 0.064453125
2 0.259765625 0.5888671875 0.05078125 0.037109375
2 0.49609375 0.6220703125 0.0390625 0.044921875
2 0.205078125 0.5458984375 0.046875 0.041015625
2 0.255859375 0.5283203125 0.05078125 0.052734375
2 0.3203125 0.2705078125 0.0703125 0.115234375
2 0.392578125 0.21484375 0.06640625 0.08984375
2 0.4013671875 0.3076171875 0.087890625 0.072265625
2 0.505859375 0.421875 0.04296875 0.05078125
5 0.095703125 0.634765625 0.04296875 0.0390625
5 0.13671875 0.7939453125 0.12109375 0.048828125
5 0.166015625 0.8876953125 0.12890625 0.111328125
5 0.0908203125 0.423828125 0.169921875 0.0859375
5 0.3388671875 0.388671875 0.091796875 0.1171875
5 0.263671875 0.421875 0.04296875 0.046875
2 0.869140625 0.6220703125 0.08984375 0.095703125
3 0.494140625 0.5 0.91015625 0.89453125
