2 0.466796875 0.2919921875 0.1015625 0.119140625
2 0.5341796875 0.470703125 0.099609375 0.21484375
2 0.802734375 0.6142578125 0.046875 0.064453125
2 0.7841796875 0.150390625 0.083984375 0.13671875
2 0.8466796875 0.3037109375 0.080078125 0.130859375
2 0.947265625 0.263671875 0.07421875 0.0703125
1 0.87890625 0.8876953125 0.23046875 0.201171875
2 0.0576171875 0.7861328125 0.056640625 0.056640625
2 0.22265625 0.9697265625 0.07421875 0.041015625
2 0.294921875 0.294921875 0.0625 0.05078125
4 0.3681640625 0.4814453125 0.412109375 0.552734375
