2 0.505859375 0.3525390625 0.07421875 0.076171875
2 0.1669921875 0.1259765625 0.115234375 0.111328125
2 0.1884765625 0.6025390625 0.044921875 0.060546875
2 0.380859375 0.4150390625 0.12109375 0.181640625
2 0.0712890625 0.5302734375 0.126953125 0.201171875
2 0.2080078125 0.380859375 0.150390625 0.19140625
2 0.353515625 0.23046875 0.140625 0.125
2 0.4892578125 0.16796875 0.123046875 0.140625
2 0.7412109375 0.0947265625 0.384765625 0.107421875
2 0.7978515625 0.47265625 0.037109375 0.0546875
2 0.5458984375 0.6845703125 0.041015625 0.072265625
0 0.7333984375 0.9736328125 0.107421875 0.044921875
1 0.041015625 0.828125 0.06640625 0.08984375
4 0.5283203125 0.58203125 0.419921875 0.5390625
2 0.0703125 0.7744140625 0.12109375 0.255859375
