2 0.1953125 0.814453125 0.09765625 0.11328125
2 0.115234375 0.8818359375 0.04296875 0.037109375
2 0.091796875 0.7314453125 0.0546875 0.060546875
2 0.0205078125 0.7734375 0.037109375 0.05859375
2 0.9775390625 0.6513671875 0.037109375 0.087890625
2 0.763671875 0.9169921875 0.046875 0.056640625
5 0.173828125 0.5400390625 0.109375 0.208984375
5 0.30078125 0.654296875 0.0859375 0.0703125
5 0.3955078125 0.4853515625 0.130859375 0.119140625
5 0.529296875 0.609375 0.109375 0.171875
5 0.2265625 0.0419921875 0.29296875 0.080078125
5 0.3828125 0.1533203125 0.09375 0.083984375
5 0.5126953125 0.146484375 0.087890625 0.08984375
5 0.447265625 0.212890625 0.08203125 0.0703125
5 0.544921875 0.26953125 0.0859375 0.125
5 0.533203125 0.8583984375 0.046875 0.056640625
0 0.302734375 0.5869140625 0.109375 0.056640625
0 0.36328125 0.6396484375 0.046875 0.064453125
0 0.400390625 0.71875 0.046875 0.02734375
0 0.6357421875 0.7939453125 0.076171875 0.138671875
4 0.8134765625 0.4912109375 0.349609375 0.923828125
