2 0.3447265625 0.6669921875 0.181640625 0.236328125
2 0.2216796875 0.0830078125 0.244140625 0.166015625
2 0.21875 0.3046875 0.1015625 0.09375
2 0.3759765625 0.1669921875 0.072265625 0.083984375
2 0.74609375 0.34765625 0.0625 0.08203125
2 0.529296875 0.3544921875 0.07421875 0.068359375
2 0.8447265625 0.70703125 0.111328125 0.1640625
2 0.0634765625 0.818359375 0.119140625 0.1328125
2 0.16015625 0.9560546875 0.1171875 0.060546875
2 0.9599609375 0.251953125 0.041015625 0.06640625
2 0.0537109375 0.177734375 0.099609375 0.15234375
3 0.4873046875 0.5048828125 0.884765625 0.904296875
