2 0.1591796875 0.3193359375 0.310546875 0.056640625
2 0.40234375 0.416015625 0.0625 0.0859375
5 0.375 0.1533203125 0.32421875 0.283203125
5 0.2666015625 0.5078125 0.068359375 0.09375
5 0.333984375 0.4638671875 0.08203125 0.083984375
5 0.482421875 0.625 0.16796875 0.21875
5 0.07421875 0.4931640625 0.1171875 0.291015625
5 0.212890625 0.6171875 0.1875 0.16015625
0 0.0458984375 0.6826171875 0.064453125 0.068359375
0 0.1162109375 0.7158203125 0.052734375 0.044921875
0 0.21484375 0.767578125 0.046875 0.04296875
0 0.2734375 0.7724609375 0.04296875 0.060546875
0 0.0771484375 0.8203125 0.123046875 0.0625
2 0.0791015625 0.8212890625 0.134765625 0.060546875
5 0.3466796875 0.7998046875 0.052734375 0.052734375
2 0.646484375 0.73828125 0.0390625 0.04296875
2 0.6474609375 0.8154296875 0.044921875 0.068359375
2 0.505859375 0.9140625 0.078125 0.05859375
2 0.4189453125 0.8681640625 0.041015625 0.048828125
2 0.2626953125 0.8955078125 0.037109375 0.048828125
2 0.0244140625 0.201171875 0.033203125 0.05078125
5 0.5654296875 0.0244140625 0.115234375 0.037109375
5 0.435546875 0.1103515625 0.10546875 0.138671875
5 0.27734375 0.0732421875 0.07421875 0.064453125
