1 0.8720703125 0.8134765625 0.236328125 0.337890625
0 0.3310546875 0.1259765625 0.244140625 0.087890625
0 0.1796875 0.2666015625 0.0703125 0.076171875
0 0.0927734375 0.455078125 0.103515625 0.17578125
0 0.2666015625 0.373046875 0.076171875 0.08984375
0 0.2568359375 0.6220703125 0.041015625 0.056640625
0 0.330078125 0.6220703125 0.046875 0.033203125
2 0.6875 0.0693359375 0.06640625 0.068359375
2 0.5419921875 0.7744140625 0.427734375 0.162109375
3 0.806640625 0.44140625 0.3359375 0.6171875
4 0.4287109375 0.4189453125 0.275390625 0.251953125
