5 0.32421875 0.626953125 0.16796875 0.25
5 0.87890625 0.6328125 0.1015625 0.1796875
5 0.595703125 0.88671875 0.13671875 0.0546875
2 0.2294921875 0.26953125 0.130859375 0.09765625
2 0.3935546875 0.115234375 0.076171875 0.0703125
5 0.7509765625 0.318359375 0.052734375 0.05859375
0 0.0625 0.7646484375 0.09765625 0.123046875
0 0.15234375 0.9462890625 0.1328125 0.091796875
5 0.533203125 0.3271484375 0.0625 0.044921875
5 0.7275390625 0.8076171875 0.037109375 0.052734375
5 0.9677734375 0.1953125 0.037109375 0.0625
