4 0.498046875 0.3759765625 0.9765625 0.681640625
5 0.7109375 0.650390625 0.27734375 0.1640625
5 0.6162109375 0.7978515625 0.220703125 0.173828125
5 0.875 0.4765625 0.22265625 0.34375
5 0.64453125 0.408203125 0.21875 0.12890625
5 0.6748046875 0.197265625 0.138671875 0.15625
5 0.25390625 0.666015625 0.12890625 0.1484375
0 0.2470703125 0.0947265625 0.041015625 0.056640625
0 0.35546875 0.13671875 0.04296875 0.046875
0 0.4189453125 0.3740234375 0.072265625 0.076171875
0 0.6162109375 0.4912109375 0.052734375 0.041015625
0 0.8955078125 0.091796875 0.044921875 0.0546875
0 0.9033203125 0.373046875 0.033203125 0.078125
0 0.9453125 0.5009765625 0.04296875 0.048828125
0 0.3212890625 0.4248046875 0.048828125 0.052734375
0 0.3017578125 0.2763671875 0.052734375 0.056640625
0 0.5078125 0.1337890625 0.03515625 0.044921875
0 0.564453125 0.1416015625 0.0390625 0.048828125
0 0.525390625 0.3994140625 0.03515625 0.041015625
1 0.8505859375 0.80859375 0.126953125 0.15625
6 0.3212890625 0.6982421875 0.388671875 0.595703125
5 0.55078125 0.3203125 0.22265625 0.12890625
