5 0.4453125 0.41796875 0.06640625 0.0703125
5 0.2607421875 0.517578125 0.212890625 0.1953125
0 0.1318359375 0.58984375 0.115234375 0.140625
2 0.9296875 0.083984375 0.08203125 0.09375
2 0.86328125 0.134765625 0.04296875 0.09375
2 0.9326171875 0.267578125 0.091796875 0.203125
2 0.82421875 0.267578125 0.046875 0.06640625
2 0.2685546875 0.388671875 0.083984375 0.1328125
2 0.296875 0.2783203125 0.05859375 0.064453125
2 0.3525390625 0.2158203125 0.044921875 0.048828125
2 0.396484375 0.1611328125 0.0859375 0.076171875
2 0.4443359375 0.095703125 0.056640625 0.05859375
2 0.5322265625 0.0224609375 0.080078125 0.029296875
5 0.54296875 0.1298828125 0.0546875 0.076171875
2 0.73046875 0.359375 0.0546875 0.078125
2 0.8291015625 0.7763671875 0.044921875 0.060546875
2 0.1513671875 0.7734375 0.087890625 0.0625
2 0.0712890625 0.810546875 0.044921875 0.0546875
4 0.6923828125 0.2333984375 0.486328125 0.455078125
4 0.1953125 0.1640625 0.35546875 0.30859375
5 0.1201171875 0.41796875 0.083984375 0.109375
5 0.0478515625 0.3271484375 0.056640625 0.099609375
