0 0.283203125 0.2919921875 0.04296875 0.068359375
0 0.0888671875 0.5244140625 0.052734375 0.056640625
0 0.03515625 0.6640625 0.02734375 0.05078125
0 0.876953125 0.833984375 0.0546875 0.0546875
2 0.1044921875 0.3359375 0.115234375 0.23046875
2 0.451171875 0.0810546875 0.1640625 0.146484375
2 0.712890625 0.5146484375 0.18359375 0.130859375
2 0.97265625 0.5126953125 0.04296875 0.138671875
2 0.224609375 0.515625 0.0546875 0.0859375
2 0.59765625 0.9404296875 0.08203125 0.076171875
2 0.0302734375 0.6240234375 0.052734375 0.193359375
2 0.0244140625 0.826171875 0.037109375 0.0859375
4 0.6943359375 0.5888671875 0.498046875 0.619140625
2 0.666015625 0.2626953125 0.0546875 0.201171875
2 0.4638671875 0.4365234375 0.060546875 0.193359375
2 0.3798828125 0.654296875 0.205078125 0.21875
5 0.375 0.716796875 0.1328125 0.24609375
2 0.6923828125 0.6787109375 0.103515625 0.068359375
5 0.306640625 0.087890625 0.0546875 0.08203125
4 0.1513671875 0.1416015625 0.279296875 0.259765625
