4 0.26171875 0.7333984375 0.4296875 0.462890625
2 0.0537109375 0.61328125 0.095703125 0.44921875
2 0.2236328125 0.88671875 0.396484375 0.203125
3 0.7490234375 0.91796875 0.267578125 0.140625
0 0.15234375 0.0751953125 0.1640625 0.126953125
0 0.3251953125 0.1787109375 0.201171875 0.193359375
0 0.4677734375 0.140625 0.037109375 0.05859375
0 0.587890625 0.103515625 0.13671875 0.19921875
0 0.556640625 0.294921875 0.1328125 0.13671875
0 0.72265625 0.0693359375 0.046875 0.083984375
0 0.7333984375 0.142578125 0.044921875 0.06640625
0 0.6806640625 0.201171875 0.044921875 0.0625
0 0.9560546875 0.15625 0.076171875 0.11328125
0 0.97265625 0.2724609375 0.0546875 0.080078125
0 0.9189453125 0.390625 0.134765625 0.1484375
0 0.8603515625 0.158203125 0.072265625 0.08203125
0 0.8330078125 0.0576171875 0.095703125 0.091796875
0 0.6640625 0.375 0.046875 0.0703125
0 0.080078125 0.3203125 0.10546875 0.078125
0 0.0380859375 0.23046875 0.041015625 0.04296875
0 0.17578125 0.3173828125 0.03515625 0.052734375
0 0.236328125 0.3388671875 0.04296875 0.041015625
0 0.2705078125 0.3759765625 0.072265625 0.048828125
0 0.3427734375 0.3896484375 0.048828125 0.048828125
