2 0.0390625 0.6513671875 0.0625 0.068359375
2 0.025390625 0.765625 0.03515625 0.0703125
2 0.8583984375 0.74609375 0.095703125 0.0859375
2 0.9052734375 0.0810546875 0.095703125 0.126953125
2 0.896484375 0.216796875 0.16015625 0.265625
2 0.890625 0.3701171875 0.078125 0.095703125
2 0.74609375 0.380859375 0.08203125 0.09375
2 0.5107421875 0.107421875 0.087890625 0.08203125
2 0.4208984375 0.2626953125 0.107421875 0.087890625
2 0.3388671875 0.3525390625 0.056640625 0.068359375
2 0.3154296875 0.443359375 0.083984375 0.0703125
5 0.3095703125 0.5703125 0.220703125 0.171875
2 0.1650390625 0.59765625 0.197265625 0.1484375
4 0.6796875 0.2255859375 0.3046875 0.376953125
4 0.14453125 0.1015625 0.2734375 0.18359375
