0 0.8291015625 0.4619140625 0.162109375 0.228515625
0 0.9296875 0.126953125 0.046875 0.046875
0 0.814453125 0.2099609375 0.08203125 0.056640625
0 0.333984375 0.2607421875 0.06640625 0.126953125
0 0.1494140625 0.3779296875 0.068359375 0.107421875
0 0.1943359375 0.5009765625 0.041015625 0.056640625
0 0.171875 0.6171875 0.04296875 0.046875
0 0.1435546875 0.763671875 0.072265625 0.0625
0 0.388671875 0.6259765625 0.05859375 0.115234375
0 0.4853515625 0.4423828125 0.064453125 0.064453125
0 0.7275390625 0.7353515625 0.107421875 0.107421875
0 0.9755859375 0.6767578125 0.033203125 0.111328125
0 0.9013671875 0.2666015625 0.037109375 0.056640625
0 0.419921875 0.1015625 0.05078125 0.08203125
5 0.2958984375 0.94921875 0.150390625 0.0859375
5 0.6708984375 0.9013671875 0.181640625 0.162109375
4 0.224609375 0.154296875 0.4375 0.3046875
0 0.625 0.505859375 0.05078125 0.0546875
0 0.568359375 0.583984375 0.0625 0.05078125
0 0.5361328125 0.685546875 0.060546875 0.09375
0 0.6650390625 0.29296875 0.037109375 0.0546875
0 0.9482421875 0.8056640625 0.033203125 0.060546875
