2 0.193359375 0.228515625 0.375 0.41015625
2 0.8935546875 0.2158203125 0.166015625 0.263671875
5 0.2763671875 0.6865234375 0.044921875 0.060546875
5 0.212890625 0.830078125 0.04296875 0.05859375
2 0.1142578125 0.884765625 0.087890625 0.078125
0 0.2470703125 0.3798828125 0.189453125 0.181640625
0 0.3896484375 0.1865234375 0.087890625 0.119140625
0 0.5107421875 0.0341796875 0.134765625 0.052734375
5 0.4638671875 0.3056640625 0.123046875 0.123046875
5 0.8232421875 0.7177734375 0.044921875 0.060546875
5 0.5224609375 0.9384765625 0.154296875 0.083984375
4 0.72265625 0.2705078125 0.515625 0.513671875
