2 0.1708984375 0.767578125 0.052734375 0.05859375
2 0.1708984375 0.876953125 0.138671875 0.13671875
2 0.2119140625 0.9453125 0.150390625 0.08984375
2 0.3564453125 0.94140625 0.068359375 0.078125
2 0.4658203125 0.9267578125 0.072265625 0.126953125
2 0.6298828125 0.94140625 0.080078125 0.109375
2 0.0830078125 0.779296875 0.048828125 0.0546875
2 0.04296875 0.81640625 0.04296875 0.046875
2 0.0283203125 0.71875 0.056640625 0.125
2 0.0625 0.611328125 0.04296875 0.0625
2 0.1220703125 0.666015625 0.052734375 0.046875
2 0.7216796875 0.9169921875 0.021484375 0.041015625
2 0.412109375 0.7314453125 0.0390625 0.064453125
5 0.83203125 0.6337890625 0.32421875 0.197265625
5 0.63671875 0.6220703125 0.0390625 0.044921875
5 0.3251953125 0.474609375 0.064453125 0.05078125
5 0.5419921875 0.2099609375 0.111328125 0.126953125
5 0.2734375 0.310546875 0.421875 0.20703125
0 0.2431640625 0.1220703125 0.232421875 0.126953125
1 0.2421875 0.0439453125 0.33203125 0.087890625
5 0.0673828125 0.43359375 0.044921875 0.04296875
2 0.8115234375 0.9462890625 0.033203125 0.052734375
2 0.4384765625 0.6474609375 0.041015625 0.041015625
2 0.05859375 0.892578125 0.0625 0.05859375
2 0.8046875 0.15625 0.21875 0.2890625
2 0.947265625 0.375 0.08984375 0.12890625
