5 0.0830078125 0.78515625 0.056640625 0.0625
5 0.15234375 0.8203125 0.046875 0.046875
5 0.1552734375 0.92578125 0.083984375 0.1015625
5 0.767578125 0.9130859375 0.21484375 0.138671875
5 0.8125 0.5634765625 0.33203125 0.263671875
5 0.3759765625 0.2060546875 0.376953125 0.412109375
5 0.67578125 0.138671875 0.08203125 0.10546875
5 0.076171875 0.4609375 0.14453125 0.18359375
5 0.123046875 0.658203125 0.2421875 0.14453125
2 0.3798828125 0.904296875 0.044921875 0.18359375
2 0.484375 0.921875 0.0390625 0.1015625
2 0.5966796875 0.8876953125 0.064453125 0.091796875
2 0.42578125 0.673828125 0.04296875 0.0625
2 0.5986328125 0.576171875 0.033203125 0.08203125
2 0.3662109375 0.4755859375 0.080078125 0.052734375
2 0.2265625 0.896484375 0.0390625 0.06640625
2 0.271484375 0.8544921875 0.04296875 0.064453125
3 0.5078125 0.564453125 0.83203125 0.76953125
