3 0.5029296875 0.4921875 0.912109375 0.91015625
2 0.7705078125 0.228515625 0.080078125 0.4140625
2 0.9072265625 0.365234375 0.111328125 0.33203125
2 0.802734375 0.6162109375 0.125 0.181640625
2 0.611328125 0.8330078125 0.27734375 0.244140625
2 0.2041015625 0.8876953125 0.169921875 0.162109375
2 0.181640625 0.666015625 0.09765625 0.10546875
2 0.4794921875 0.3994140625 0.271484375 0.138671875
2 0.65625 0.27734375 0.109375 0.0625
2 0.53515625 0.1826171875 0.0703125 0.052734375
2 0.46875 0.119140625 0.05078125 0.03515625
2 0.517578125 0.0673828125 0.0859375 0.029296875
2 0.37109375 0.1513671875 0.109375 0.103515625
2 0.251953125 0.076171875 0.07421875 0.03515625
