0 0.6748046875 0.1962890625 0.080078125 0.091796875
2 0.177734375 0.1650390625 0.0546875 0.091796875
2 0.2373046875 0.177734375 0.041015625 0.11328125
2 0.9267578125 0.2060546875 0.068359375 0.111328125
2 0.8125 0.0556640625 0.10546875 0.091796875
2 0.05078125 0.2119140625 0.046875 0.123046875
2 0.8037109375 0.5439453125 0.384765625 0.068359375
0 0.0205078125 0.326171875 0.029296875 0.0859375
0 0.5380859375 0.7158203125 0.033203125 0.041015625
0 0.4462890625 0.7578125 0.029296875 0.046875
3 0.55078125 0.5673828125 0.8125 0.259765625
4 0.8916015625 0.7294921875 0.208984375 0.392578125
6 0.412109375 0.8056640625 0.42578125 0.376953125
