2 0.2216796875 0.3134765625 0.087890625 0.123046875
0 0.0830078125 0.5419921875 0.134765625 0.400390625
0 0.0703125 0.826171875 0.0859375 0.19140625
0 0.2451171875 0.1533203125 0.041015625 0.052734375
2 0.0771484375 0.615234375 0.134765625 0.546875
2 0.7587890625 0.5546875 0.091796875 0.1796875
2 0.029296875 0.2470703125 0.03125 0.052734375
2 0.1337890625 0.1064453125 0.052734375 0.052734375
2 0.4970703125 0.04296875 0.064453125 0.07421875
2 0.7158203125 0.087890625 0.076171875 0.109375
2 0.8427734375 0.2197265625 0.111328125 0.068359375
