0 0.580078125 0.3203125 0.04296875 0.07421875
0 0.646484375 0.318359375 0.0625 0.12890625
0 0.60546875 0.4248046875 0.07421875 0.083984375
0 0.7548828125 0.798828125 0.083984375 0.08984375
0 0.806640625 0.734375 0.0625 0.0546875
0 0.94921875 0.6240234375 0.046875 0.064453125
0 0.8681640625 0.8095703125 0.048828125 0.064453125
0 0.70703125 0.623046875 0.06640625 0.05078125
0 0.564453125 0.5908203125 0.04296875 0.044921875
0 0.869140625 0.048828125 0.06640625 0.078125
0 0.90625 0.1630859375 0.05078125 0.048828125
4 0.5205078125 0.177734375 0.236328125 0.28125
