2 0.2578125 0.19921875 0.359375 0.390625
2 0.5400390625 0.2353515625 0.177734375 0.240234375
2 0.345703125 0.939453125 0.0859375 0.08203125
2 0.44140625 0.892578125 0.03125 0.046875
2 0.615234375 0.9560546875 0.11328125 0.080078125
2 0.46484375 0.9755859375 0.06640625 0.044921875
2 0.1669921875 0.8388671875 0.080078125 0.076171875
2 0.1875 0.94140625 0.1796875 0.10546875
2 0.044921875 0.736328125 0.08984375 0.203125
2 0.123046875 0.6455078125 0.0546875 0.056640625
2 0.048828125 0.87890625 0.07421875 0.04296875
0 0.396484375 0.73828125 0.0234375 0.04296875
5 0.0263671875 0.4404296875 0.041015625 0.060546875
5 0.1103515625 0.39453125 0.134765625 0.140625
5 0.3271484375 0.60546875 0.037109375 0.04296875
4 0.2109375 0.58984375 0.37109375 0.46484375
3 0.7529296875 0.451171875 0.458984375 0.89453125
