1 0.8154296875 0.8056640625 0.216796875 0.263671875
1 0.380859375 0.8486328125 0.203125 0.263671875
1 0.5498046875 0.7451171875 0.130859375 0.193359375
1 0.66796875 0.859375 0.046875 0.05078125
2 0.0810546875 0.7353515625 0.146484375 0.240234375
2 0.19921875 0.8271484375 0.05078125 0.064453125
2 0.494140625 0.50390625 0.96484375 0.96484375
4 0.3212890625 0.6650390625 0.228515625 0.287109375
2 0.466796875 0.416015625 0.07421875 0.08984375
2 0.2939453125 0.2646484375 0.083984375 0.099609375
2 0.2421875 0.384765625 0.12109375 0.078125
2 0.1484375 0.2998046875 0.0625 0.072265625
3 0.50390625 0.515625 0.953125 0.94140625
