2 0.56640625 0.25 0.1484375 0.15234375
2 0.7109375 0.1826171875 0.05078125 0.060546875
2 0.83984375 0.3125 0.03515625 0.04296875
2 0.923828125 0.3330078125 0.0390625 0.064453125
2 0.935546875 0.4228515625 0.0546875 0.064453125
2 0.822265625 0.5 0.05859375 0.0625
2 0.822265625 0.734375 0.04296875 0.078125
2 0.4150390625 0.2138671875 0.083984375 0.103515625
2 0.3291015625 0.2119140625 0.048828125 0.064453125
2 0.251953125 0.2392578125 0.08203125 0.072265625
2 0.16796875 0.3818359375 0.10546875 0.099609375
2 0.189453125 0.4970703125 0.0625 0.103515625
2 0.056640625 0.630859375 0.08984375 0.0859375
2 0.06640625 0.8505859375 0.04296875 0.064453125
2 0.431640625 0.78515625 0.0625 0.08203125
2 0.37890625 0.6708984375 0.08984375 0.044921875
1 0.8330078125 0.91015625 0.068359375 0.171875
1 0.9208984375 0.8564453125 0.123046875 0.130859375
4 0.3828125 0.6923828125 0.10546875 0.080078125
