1 0.1025390625 0.2255859375 0.201171875 0.447265625
0 0.8671875 0.53515625 0.03515625 0.04296875
0 0.900390625 0.560546875 0.03125 0.04296875
0 0.9814453125 0.5380859375 0.021484375 0.056640625
0 0.8984375 0.79296875 0.04296875 0.0859375
0 0.3974609375 0.732421875 0.033203125 0.05078125
0 0.474609375 0.6025390625 0.09375 0.083984375
0 0.5224609375 0.5478515625 0.048828125 0.041015625
0 0.970703125 0.8408203125 0.046875 0.037109375
0 0.91796875 0.65234375 0.078125 0.06640625
4 0.3056640625 0.7529296875 0.341796875 0.298828125
