5 0.2509765625 0.2080078125 0.044921875 0.048828125
5 0.1904296875 0.2216796875 0.041015625 0.041015625
5 0.314453125 0.73046875 0.08984375 0.07421875
5 0.2021484375 0.8359375 0.060546875 0.06640625
5 0.2646484375 0.9072265625 0.068359375 0.068359375
5 0.5654296875 0.9716796875 0.041015625 0.041015625
5 0.1416015625 0.10546875 0.033203125 0.04296875
4 0.6796875 0.3447265625 0.58203125 0.611328125
5 0.3837890625 0.205078125 0.052734375 0.0546875
5 0.3564453125 0.3759765625 0.033203125 0.041015625
