4 0.1962890625 0.8134765625 0.380859375 0.330078125
2 0.3916015625 0.2587890625 0.623046875 0.259765625
2 0.51953125 0.1142578125 0.3046875 0.212890625
2 0.2744140625 0.0302734375 0.041015625 0.044921875
2 0.7763671875 0.1474609375 0.095703125 0.095703125
2 0.7587890625 0.322265625 0.087890625 0.140625
2 0.9345703125 0.3759765625 0.111328125 0.189453125
2 0.66796875 0.8642578125 0.09375 0.232421875
2 0.849609375 0.94140625 0.03125 0.04296875
0 0.9794921875 0.5390625 0.033203125 0.0625
2 0.048828125 0.5751953125 0.09765625 0.119140625
2 0.193359375 0.6953125 0.0703125 0.1015625
2 0.26953125 0.7109375 0.03125 0.05078125
2 0.3837890625 0.5146484375 0.060546875 0.083984375
2 0.0615234375 0.3623046875 0.087890625 0.107421875
2 0.2333984375 0.5244140625 0.064453125 0.080078125
0 0.740234375 0.6982421875 0.07421875 0.123046875
