2 0.9384765625 0.5732421875 0.115234375 0.115234375
2 0.955078125 0.8115234375 0.07421875 0.107421875
2 0.556640625 0.8701171875 0.08984375 0.091796875
2 0.4775390625 0.7509765625 0.068359375 0.068359375
2 0.556640625 0.5244140625 0.2109375 0.169921875
2 0.580078125 0.068359375 0.14453125 0.125
2 0.1396484375 0.51953125 0.076171875 0.15234375
3 0.4736328125 0.2890625 0.564453125 0.296875
4 0.2744140625 0.779296875 0.494140625 0.41015625
4 0.7919921875 0.3515625 0.400390625 0.328125
1 0.1376953125 0.1171875 0.232421875 0.20703125
