0 0.9228515625 0.798828125 0.041015625 0.0625
0 0.93359375 0.8515625 0.0390625 0.04296875
0 0.9189453125 0.3349609375 0.115234375 0.154296875
0 0.91015625 0.556640625 0.07421875 0.109375
0 0.5390625 0.2177734375 0.06640625 0.072265625
0 0.56640625 0.3232421875 0.05078125 0.048828125
0 0.865234375 0.2314453125 0.06640625 0.064453125
0 0.5126953125 0.5712890625 0.107421875 0.080078125
0 0.6201171875 0.7021484375 0.048828125 0.072265625
0 0.5283203125 0.5166015625 0.095703125 0.064453125
0 0.40625 0.7373046875 0.078125 0.091796875
5 0.4345703125 0.9091796875 0.052734375 0.044921875
