2 0.1904296875 0.1865234375 0.087890625 0.130859375
2 0.3408203125 0.197265625 0.123046875 0.09375
2 0.5478515625 0.0166015625 0.087890625 0.025390625
2 0.771484375 0.0205078125 0.06640625 0.025390625
2 0.962890625 0.1533203125 0.0625 0.119140625
2 0.9248046875 0.255859375 0.060546875 0.09765625
2 0.943359375 0.6337890625 0.1015625 0.267578125
2 0.03125 0.3974609375 0.0546875 0.126953125
2 0.1279296875 0.298828125 0.044921875 0.078125
4 0.349609375 0.7919921875 0.48828125 0.396484375
6 0.375 0.8447265625 0.58984375 0.287109375
