2 0.4638671875 0.5712890625 0.154296875 0.306640625
2 0.6162109375 0.4140625 0.060546875 0.0625
2 0.517578125 0.2353515625 0.1328125 0.126953125
2 0.23828125 0.7783203125 0.13671875 0.189453125
2 0.1728515625 0.935546875 0.189453125 0.12109375
2 0.0693359375 0.7529296875 0.099609375 0.138671875
2 0.365234375 0.9423828125 0.05859375 0.107421875
2 0.166015625 0.185546875 0.046875 0.04296875
2 0.1318359375 0.2392578125 0.041015625 0.037109375
2 0.8583984375 0.046875 0.033203125 0.04296875
2 0.3486328125 0.720703125 0.666015625 0.54296875
2 0.6064453125 0.3447265625 0.068359375 0.025390625
2 0.513671875 0.376953125 0.0625 0.02734375
3 0.3056640625 0.7216796875 0.451171875 0.474609375
