2 0.3408203125 0.3515625 0.150390625 0.2109375
2 0.9267578125 0.326171875 0.091796875 0.14453125
2 0.91015625 0.0888671875 0.08984375 0.060546875
2 0.79296875 0.2001953125 0.03125 0.044921875
2 0.7763671875 0.2978515625 0.044921875 0.052734375
2 0.646484375 0.35546875 0.05859375 0.0859375
2 0.7451171875 0.58203125 0.048828125 0.08203125
2 0.6728515625 0.9326171875 0.095703125 0.103515625
2 0.9140625 0.8251953125 0.08984375 0.107421875
2 0.9130859375 0.6123046875 0.060546875 0.072265625
2 0.935546875 0.486328125 0.0390625 0.0546875
5 0.3115234375 0.556640625 0.052734375 0.08203125
4 0.2451171875 0.1787109375 0.439453125 0.349609375
