0 0.6015625 0.919921875 0.11328125 0.1015625
0 0.7373046875 0.4208984375 0.154296875 0.166015625
0 0.169921875 0.5732421875 0.05859375 0.056640625
0 0.0859375 0.7255859375 0.0546875 0.056640625
0 0.357421875 0.78515625 0.078125 0.05859375
0 0.5048828125 0.9482421875 0.072265625 0.033203125
2 0.3671875 0.4453125 0.109375 0.078125
2 0.83203125 0.2939453125 0.078125 0.052734375
2 0.72265625 0.0849609375 0.16015625 0.099609375
2 0.5888671875 0.619140625 0.150390625 0.11328125
2 0.4052734375 0.5400390625 0.142578125 0.052734375
2 0.1123046875 0.8544921875 0.044921875 0.041015625
6 0.525390625 0.8720703125 0.484375 0.232421875
4 0.7822265625 0.794921875 0.412109375 0.35546875
