2 0.40234375 0.771484375 0.11328125 0.08203125
2 0.5322265625 0.5126953125 0.056640625 0.087890625
2 0.4189453125 0.4775390625 0.052734375 0.056640625
2 0.4404296875 0.568359375 0.048828125 0.0390625
2 0.099609375 0.525390625 0.1171875 0.171875
2 0.138671875 0.361328125 0.06640625 0.078125
2 0.216796875 0.08984375 0.15234375 0.109375
2 0.6025390625 0.03515625 0.099609375 0.05859375
0 0.0673828125 0.89453125 0.068359375 0.08984375
5 0.5390625 0.6455078125 0.046875 0.068359375
5 0.6240234375 0.6591796875 0.033203125 0.041015625
1 0.7490234375 0.904296875 0.150390625 0.17578125
4 0.5478515625 0.544921875 0.474609375 0.47265625
6 0.3515625 0.861328125 0.296875 0.2578125
