2 0.546875 0.5283203125 0.1796875 0.142578125
2 0.583984375 0.9140625 0.3203125 0.15234375
2 0.5078125 0.2451171875 0.1484375 0.126953125
2 0.5439453125 0.0625 0.208984375 0.109375
2 0.3505859375 0.1123046875 0.056640625 0.056640625
2 0.2822265625 0.0341796875 0.037109375 0.048828125
2 0.19140625 0.0771484375 0.05859375 0.068359375
2 0.2880859375 0.3232421875 0.048828125 0.052734375
4 0.2275390625 0.544921875 0.404296875 0.4765625
4 0.6640625 0.1826171875 0.24609375 0.251953125
5 0.642578125 0.248046875 0.1015625 0.0859375
5 0.7626953125 0.4921875 0.220703125 0.24609375
5 0.4638671875 0.8662109375 0.427734375 0.228515625
1 0.8173828125 0.8623046875 0.345703125 0.251953125
4 0.83984375 0.2646484375 0.29296875 0.505859375
