2 0.37109375 0.74609375 0.0546875 0.09765625
2 0.4814453125 0.7861328125 0.048828125 0.103515625
2 0.5048828125 0.880859375 0.068359375 0.04296875
2 0.5986328125 0.751953125 0.056640625 0.125
2 0.970703125 0.6240234375 0.05078125 0.107421875
2 0.2666015625 0.666015625 0.056640625 0.1015625
2 0.3896484375 0.8837890625 0.068359375 0.166015625
5 0.212890625 0.193359375 0.109375 0.0859375
5 0.193359375 0.7822265625 0.078125 0.150390625
5 0.12890625 0.5830078125 0.0546875 0.095703125
5 0.1435546875 0.681640625 0.037109375 0.046875
5 0.197265625 0.90625 0.05078125 0.06640625
5 0.7041015625 0.8330078125 0.115234375 0.166015625
2 0.384765625 0.4638671875 0.04296875 0.068359375
5 0.4794921875 0.9501953125 0.087890625 0.060546875
0 0.39453125 0.228515625 0.078125 0.08203125
3 0.328125 0.4052734375 0.59375 0.376953125
5 0.76953125 0.4814453125 0.2421875 0.201171875
