4 0.3017578125 0.486328125 0.595703125 0.94921875
0 0.095703125 0.1103515625 0.0703125 0.080078125
0 0.03515625 0.2705078125 0.04296875 0.072265625
0 0.08984375 0.3212890625 0.11328125 0.123046875
0 0.22265625 0.240234375 0.0703125 0.0859375
0 0.310546875 0.2646484375 0.0546875 0.052734375
0 0.4306640625 0.1767578125 0.044921875 0.041015625
0 0.0595703125 0.50390625 0.056640625 0.08203125
0 0.177734375 0.3837890625 0.12890625 0.107421875
0 0.1962890625 0.4853515625 0.056640625 0.076171875
1 0.916015625 0.6796875 0.1328125 0.5078125
