0 0.80078125 0.2421875 0.04296875 0.04296875
0 0.8095703125 0.3955078125 0.060546875 0.076171875
0 0.8037109375 0.3203125 0.044921875 0.046875
0 0.2275390625 0.322265625 0.041015625 0.08984375
0 0.3271484375 0.5927734375 0.044921875 0.056640625
0 0.3349609375 0.7392578125 0.041015625 0.044921875
0 0.3427734375 0.41015625 0.064453125 0.0546875
2 0.9755859375 0.8037109375 0.041015625 0.052734375
2 0.6904296875 0.142578125 0.041015625 0.05859375
2 0.154296875 0.14453125 0.03515625 0.046875
2 0.5556640625 0.037109375 0.072265625 0.0546875
2 0.810546875 0.650390625 0.04296875 0.0390625
2 0.7421875 0.6064453125 0.046875 0.041015625
2 0.6650390625 0.6259765625 0.052734375 0.056640625
4 0.2138671875 0.6064453125 0.353515625 0.412109375
