2 0.3974609375 0.7470703125 0.037109375 0.041015625
2 0.4775390625 0.8203125 0.064453125 0.171875
2 0.5908203125 0.7802734375 0.033203125 0.076171875
2 0.6025390625 0.7080078125 0.033203125 0.041015625
2 0.2548828125 0.6552734375 0.048828125 0.087890625
2 0.3115234375 0.720703125 0.029296875 0.046875
2 0.3798828125 0.8359375 0.091796875 0.28125
2 0.2158203125 0.703125 0.044921875 0.046875
2 0.1787109375 0.6611328125 0.033203125 0.056640625
2 0.5546875 0.9228515625 0.0703125 0.072265625
2 0.6318359375 0.8388671875 0.033203125 0.056640625
2 0.6708984375 0.9033203125 0.044921875 0.056640625
2 0.85546875 0.7998046875 0.0390625 0.048828125
5 0.1943359375 0.84375 0.076171875 0.265625
5 0.1171875 0.611328125 0.0546875 0.171875
5 0.388671875 0.2470703125 0.22265625 0.134765625
5 0.7431640625 0.4521484375 0.275390625 0.205078125
5 0.1279296875 0.41015625 0.181640625 0.12109375
5 0.21875 0.1103515625 0.0625 0.048828125
3 0.4892578125 0.568359375 0.759765625 0.75390625
