2 0.087890625 0.2890625 0.02734375 0.0625
2 0.189453125 0.1181640625 0.05078125 0.041015625
2 0.2587890625 0.0205078125 0.095703125 0.041015625
2 0.212890625 0.0546875 0.046875 0.05078125
2 0.0634765625 0.3486328125 0.041015625 0.044921875
0 0.0654296875 0.2880859375 0.029296875 0.080078125
0 0.52734375 0.724609375 0.046875 0.0625
0 0.5205078125 0.8017578125 0.033203125 0.048828125
0 0.4306640625 0.69140625 0.048828125 0.0390625
0 0.4443359375 0.7412109375 0.060546875 0.044921875
4 0.138671875 0.828125 0.265625 0.32421875
6 0.3818359375 0.822265625 0.400390625 0.33984375
