2 0.9697265625 0.1923828125 0.056640625 0.099609375
2 0.9794921875 0.6845703125 0.037109375 0.095703125
2 0.927734375 0.7841796875 0.03515625 0.056640625
2 0.3671875 0.615234375 0.05859375 0.0546875
2 0.2001953125 0.021484375 0.173828125 0.0390625
2 0.40625 0.2158203125 0.12890625 0.056640625
0 0.365234375 0.306640625 0.06640625 0.04296875
0 0.2119140625 0.23828125 0.044921875 0.05078125
0 0.2021484375 0.181640625 0.052734375 0.03515625
0 0.302734375 0.1640625 0.046875 0.03125
4 0.228515625 0.6142578125 0.328125 0.435546875
2 0.390625 0.4736328125 0.2890625 0.142578125
2 0.671875 0.6904296875 0.22265625 0.263671875
