2 0.7490234375 0.0380859375 0.056640625 0.060546875
2 0.8310546875 0.0888671875 0.044921875 0.060546875
2 0.623046875 0.7802734375 0.03125 0.087890625
2 0.5068359375 0.7978515625 0.044921875 0.107421875
2 0.568359375 0.927734375 0.02734375 0.04296875
2 0.609375 0.9228515625 0.0234375 0.052734375
2 0.4931640625 0.9228515625 0.021484375 0.044921875
2 0.5224609375 0.8994140625 0.025390625 0.041015625
2 0.4140625 0.822265625 0.05859375 0.2890625
2 0.2919921875 0.666015625 0.048828125 0.09375
2 0.3037109375 0.7841796875 0.044921875 0.072265625
2 0.255859375 0.7080078125 0.03125 0.052734375
5 0.2158203125 0.8232421875 0.072265625 0.208984375
5 0.1484375 0.58984375 0.0546875 0.16796875
5 0.75390625 0.4345703125 0.20703125 0.134765625
5 0.81640625 0.74609375 0.10546875 0.22265625
5 0.423828125 0.232421875 0.22265625 0.22265625
5 0.1630859375 0.4013671875 0.154296875 0.076171875
5 0.1865234375 0.1044921875 0.091796875 0.080078125
5 0.474609375 0.5615234375 0.0546875 0.052734375
5 0.4111328125 0.4736328125 0.048828125 0.048828125
5 0.6865234375 0.8212890625 0.056640625 0.083984375
5 0.7490234375 0.8369140625 0.048828125 0.126953125
5 0.1357421875 0.7880859375 0.056640625 0.158203125
3 0.490234375 0.5048828125 0.796875 0.783203125
