2 0.626953125 0.44140625 0.05859375 0.10546875
2 0.724609375 0.50390625 0.0703125 0.10546875
2 0.583984375 0.521484375 0.0625 0.109375
2 0.654296875 0.650390625 0.09765625 0.11328125
2 0.4677734375 0.63671875 0.044921875 0.06640625
2 0.4404296875 0.5087890625 0.064453125 0.095703125
2 0.3486328125 0.39453125 0.123046875 0.09375
2 0.345703125 0.5908203125 0.12109375 0.275390625
2 0.279296875 0.806640625 0.1484375 0.1171875
2 0.14453125 0.740234375 0.12890625 0.19921875
2 0.0302734375 0.67578125 0.033203125 0.04296875
2 0.0224609375 0.4833984375 0.025390625 0.044921875
2 0.4951171875 0.7392578125 0.056640625 0.083984375
2 0.5517578125 0.8076171875 0.037109375 0.080078125
2 0.3310546875 0.98046875 0.048828125 0.03125
2 0.1611328125 0.8994140625 0.041015625 0.056640625
2 0.8603515625 0.5966796875 0.166015625 0.142578125
4 0.80859375 0.3193359375 0.359375 0.611328125
4 0.0654296875 0.275390625 0.126953125 0.3671875
2 0.9140625 0.8603515625 0.15234375 0.216796875
