2 0.3759765625 0.7890625 0.521484375 0.3828125
2 0.5556640625 0.6982421875 0.146484375 0.197265625
2 0.4228515625 0.7763671875 0.146484375 0.189453125
2 0.1708984375 0.724609375 0.060546875 0.16015625
2 0.2880859375 0.72265625 0.126953125 0.20703125
2 0.337890625 0.9072265625 0.33203125 0.119140625
2 0.7021484375 0.7509765625 0.091796875 0.197265625
2 0.8310546875 0.5419921875 0.142578125 0.111328125
0 0.0302734375 0.6298828125 0.048828125 0.126953125
3 0.5 0.4873046875 0.97265625 0.298828125
4 0.7998046875 0.6357421875 0.259765625 0.341796875
