0 0.892578125 0.6279296875 0.1015625 0.134765625
0 0.88671875 0.876953125 0.17578125 0.12890625
0 0.98046875 0.599609375 0.03515625 0.09375
0 0.9755859375 0.3447265625 0.041015625 0.060546875
0 0.8564453125 0.2119140625 0.142578125 0.052734375
0 0.7724609375 0.3701171875 0.044921875 0.041015625
0 0.771484375 0.5302734375 0.04296875 0.013671875
0 0.7275390625 0.8134765625 0.056640625 0.044921875
0 0.70703125 0.8798828125 0.046875 0.029296875
2 0.587890625 0.173828125 0.1640625 0.08203125
2 0.890625 0.11328125 0.06640625 0.0390625
2 0.8681640625 0.0625 0.103515625 0.0390625
2 0.3056640625 0.4267578125 0.048828125 0.033203125
4 0.423828125 0.6005859375 0.484375 0.552734375
