5 0.318359375 0.5 0.05078125 0.04296875
5 0.3623046875 0.458984375 0.064453125 0.078125
5 0.408203125 0.421875 0.04296875 0.05078125
5 0.146484375 0.5654296875 0.0703125 0.107421875
5 0.263671875 0.6357421875 0.09765625 0.076171875
5 0.4873046875 0.6044921875 0.150390625 0.201171875
5 0.384765625 0.74609375 0.05078125 0.0546875
5 0.513671875 0.86328125 0.05078125 0.0546875
5 0.447265625 0.8115234375 0.0390625 0.056640625
5 0.2734375 0.34765625 0.0546875 0.05078125
5 0.1171875 0.404296875 0.05078125 0.0625
5 0.4248046875 0.1875 0.279296875 0.23046875
5 0.609375 0.05078125 0.07421875 0.0703125
0 0.755859375 0.9345703125 0.03125 0.041015625
0 0.1494140625 0.7822265625 0.076171875 0.080078125
0 0.0810546875 0.8623046875 0.076171875 0.064453125
0 0.1015625 0.65234375 0.07421875 0.0546875
0 0.05078125 0.7109375 0.0546875 0.0546875
0 0.2783203125 0.58203125 0.162109375 0.11328125
0 0.3642578125 0.7041015625 0.091796875 0.044921875
0 0.6181640625 0.80078125 0.091796875 0.1484375
0 0.6396484375 0.693359375 0.037109375 0.04296875
4 0.8271484375 0.5107421875 0.314453125 0.962890625
