0 0.44140625 0.3720703125 0.046875 0.072265625
0 0.5390625 0.2392578125 0.03515625 0.072265625
2 0.125 0.537109375 0.23828125 0.8984375
2 0.2431640625 0.3076171875 0.091796875 0.119140625
2 0.3349609375 0.412109375 0.080078125 0.15234375
2 0.5458984375 0.40625 0.091796875 0.125
2 0.64453125 0.35546875 0.10546875 0.12890625
2 0.74609375 0.486328125 0.10546875 0.140625
2 0.91015625 0.822265625 0.046875 0.05078125
2 0.546875 0.876953125 0.1484375 0.19921875
2 0.2744140625 0.1494140625 0.353515625 0.287109375
1 0.076171875 0.244140625 0.109375 0.26171875
2 0.4970703125 0.4970703125 0.958984375 0.958984375
2 0.1552734375 0.396484375 0.076171875 0.09765625
2 0.1630859375 0.474609375 0.091796875 0.0625
2 0.107421875 0.6865234375 0.06640625 0.142578125
