4 0.478515625 0.3642578125 0.921875 0.705078125
2 0.1142578125 0.611328125 0.044921875 0.0546875
2 0.1875 0.650390625 0.05078125 0.04296875
2 0.287109375 0.6630859375 0.0859375 0.037109375
2 0.4638671875 0.6552734375 0.056640625 0.029296875
2 0.6220703125 0.658203125 0.052734375 0.05078125
2 0.2744140625 0.3828125 0.044921875 0.04296875
2 0.16015625 0.2744140625 0.03515625 0.048828125
2 0.4248046875 0.89453125 0.236328125 0.0703125
2 0.05078125 0.7998046875 0.0703125 0.134765625
1 0.7685546875 0.931640625 0.287109375 0.109375
1 0.9462890625 0.8310546875 0.091796875 0.134765625
