0 0.6123046875 0.80078125 0.076171875 0.078125
2 0.6357421875 0.92578125 0.267578125 0.13671875
2 0.7578125 0.24609375 0.05859375 0.0546875
2 0.6923828125 0.30078125 0.044921875 0.0546875
2 0.9541015625 0.40625 0.033203125 0.05859375
2 0.9111328125 0.37890625 0.037109375 0.0546875
5 0.5263671875 0.4443359375 0.041015625 0.052734375
5 0.4091796875 0.4873046875 0.048828125 0.052734375
1 0.03515625 0.16015625 0.0703125 0.09375
2 0.9306640625 0.169921875 0.107421875 0.16015625
2 0.314453125 0.0341796875 0.05859375 0.064453125
2 0.1884765625 0.54296875 0.080078125 0.07421875
0 0.037109375 0.8505859375 0.0546875 0.056640625
0 0.0634765625 0.294921875 0.033203125 0.08203125
