5 0.201171875 0.1025390625 0.09375 0.076171875
5 0.1943359375 0.412109375 0.158203125 0.13671875
5 0.3466796875 0.53515625 0.056640625 0.06640625
5 0.751953125 0.5068359375 0.0625 0.080078125
5 0.8564453125 0.357421875 0.083984375 0.1015625
0 0.474609375 0.7998046875 0.10546875 0.154296875
2 0.6845703125 0.60546875 0.083984375 0.078125
2 0.47265625 0.576171875 0.0390625 0.046875
2 0.3271484375 0.6474609375 0.037109375 0.048828125
2 0.3994140625 0.904296875 0.080078125 0.0546875
2 0.521484375 0.6875 0.078125 0.08203125
2 0.5595703125 0.775390625 0.083984375 0.140625
2 0.6240234375 0.95703125 0.080078125 0.06640625
5 0.8798828125 0.537109375 0.076171875 0.09765625
5 0.833984375 0.5986328125 0.0546875 0.072265625
5 0.75 0.6630859375 0.0546875 0.064453125
5 0.40625 0.404296875 0.05078125 0.06640625
5 0.4951171875 0.4365234375 0.134765625 0.056640625
2 0.2734375 0.2421875 0.0625 0.06640625
1 0.533203125 0.080078125 0.2421875 0.14453125
