0 0.216796875 0.3818359375 0.12109375 0.103515625
0 0.4892578125 0.7548828125 0.080078125 0.111328125
0 0.4619140625 0.9228515625 0.130859375 0.134765625
0 0.58203125 0.7197265625 0.08984375 0.142578125
0 0.712890625 0.57421875 0.11328125 0.09765625
5 0.22265625 0.08984375 0.10546875 0.0703125
0 0.3525390625 0.51953125 0.123046875 0.07421875
0 0.521484375 0.4033203125 0.12109375 0.048828125
0 0.5 0.5576171875 0.04296875 0.029296875
5 0.8935546875 0.4775390625 0.052734375 0.068359375
5 0.7763671875 0.3955078125 0.037109375 0.044921875
5 0.755859375 0.46875 0.05859375 0.0625
5 0.63671875 0.9150390625 0.05859375 0.060546875
5 0.109375 0.2666015625 0.04296875 0.052734375
5 0.0390625 0.455078125 0.0390625 0.046875
5 0.8564453125 0.3154296875 0.103515625 0.119140625
1 0.55859375 0.07421875 0.30859375 0.1328125
5 0.263671875 0.6982421875 0.05078125 0.060546875
5 0.1787109375 0.830078125 0.041015625 0.05078125
