5 0.1826171875 0.1279296875 0.111328125 0.099609375
0 0.12890625 0.439453125 0.0859375 0.140625
0 0.291015625 0.568359375 0.08984375 0.08203125
0 0.5 0.81640625 0.08984375 0.109375
0 0.4091796875 0.8330078125 0.083984375 0.146484375
0 0.6220703125 0.6767578125 0.095703125 0.083984375
5 0.8232421875 0.4755859375 0.119140625 0.162109375
0 0.83203125 0.4404296875 0.0390625 0.056640625
0 0.82421875 0.498046875 0.03125 0.046875
5 0.828125 0.6318359375 0.0625 0.064453125
5 0.7705078125 0.681640625 0.041015625 0.0546875
5 0.6865234375 0.7412109375 0.041015625 0.044921875
5 0.69921875 0.5908203125 0.0546875 0.091796875
5 0.7236328125 0.5126953125 0.037109375 0.041015625
5 0.75390625 0.546875 0.04296875 0.0546875
0 0.2734375 0.83984375 0.03125 0.04296875
0 0.2890625 0.8671875 0.03515625 0.05859375
0 0.2607421875 0.6845703125 0.037109375 0.048828125
0 0.234375 0.6201171875 0.04296875 0.056640625
5 0.203125 0.4169921875 0.03515625 0.056640625
0 0.380859375 0.44140625 0.05859375 0.05859375
0 0.27734375 0.2236328125 0.0390625 0.044921875
5 0.6318359375 0.0693359375 0.048828125 0.068359375
5 0.603515625 0.099609375 0.04296875 0.0546875
