0 0.29296875 0.57421875 0.06640625 0.0625
0 0.130859375 0.439453125 0.078125 0.1171875
0 0.28125 0.84765625 0.0390625 0.06640625
0 0.49609375 0.8037109375 0.0546875 0.080078125
0 0.390625 0.810546875 0.0390625 0.078125
0 0.4228515625 0.869140625 0.068359375 0.0546875
0 0.6357421875 0.677734375 0.056640625 0.0703125
5 0.1796875 0.115234375 0.08203125 0.08203125
5 0.634765625 0.0634765625 0.04296875 0.041015625
5 0.830078125 0.630859375 0.0625 0.078125
5 0.5986328125 0.1083984375 0.041015625 0.037109375
0 0.400390625 0.646484375 0.046875 0.0390625
0 0.2548828125 0.6904296875 0.041015625 0.052734375
0 0.2060546875 0.4208984375 0.025390625 0.048828125
0 0.3720703125 0.435546875 0.041015625 0.04296875
0 0.826171875 0.4375 0.05078125 0.05078125
0 0.828125 0.4990234375 0.03125 0.052734375
5 0.705078125 0.595703125 0.0546875 0.0625
5 0.734375 0.5341796875 0.0546875 0.052734375
5 0.7763671875 0.6904296875 0.048828125 0.044921875
