0 0.1298828125 0.43359375 0.087890625 0.125
0 0.291015625 0.572265625 0.0703125 0.0703125
0 0.2763671875 0.8486328125 0.041015625 0.072265625
0 0.48828125 0.7958984375 0.0625 0.107421875
0 0.6318359375 0.6865234375 0.076171875 0.087890625
0 0.404296875 0.8408203125 0.12109375 0.169921875
5 0.638671875 0.0810546875 0.06640625 0.060546875
0 0.8291015625 0.484375 0.044921875 0.11328125
0 0.8251953125 0.642578125 0.080078125 0.09375
0 0.2060546875 0.4169921875 0.029296875 0.048828125
0 0.2578125 0.693359375 0.046875 0.0546875
5 0.185546875 0.1064453125 0.09765625 0.083984375
5 0.05078125 0.2958984375 0.05078125 0.052734375
5 0.6943359375 0.6015625 0.056640625 0.08984375
5 0.716796875 0.525390625 0.05078125 0.015625
5 0.7509765625 0.5634765625 0.044921875 0.056640625
5 0.4677734375 0.58984375 0.048828125 0.0546875
