0 0.681640625 0.6220703125 0.05859375 0.083984375
0 0.5546875 0.7490234375 0.03125 0.060546875
0 0.162109375 0.4287109375 0.07421875 0.126953125
2 0.4794921875 0.818359375 0.115234375 0.1875
2 0.404296875 0.8720703125 0.1640625 0.236328125
3 0.65234375 0.2802734375 0.59375 0.505859375
0 0.232421875 0.7275390625 0.046875 0.056640625
0 0.275390625 0.232421875 0.0859375 0.09375
5 0.1982421875 0.1171875 0.095703125 0.09765625
0 0.8544921875 0.3916015625 0.056640625 0.123046875
0 0.7470703125 0.5126953125 0.048828125 0.080078125
0 0.525390625 0.671875 0.0703125 0.09375
0 0.3251953125 0.5693359375 0.138671875 0.111328125
0 0.59375 0.9658203125 0.05078125 0.041015625
0 0.66796875 0.970703125 0.06640625 0.046875
0 0.57421875 0.8291015625 0.0546875 0.087890625
0 0.6728515625 0.8466796875 0.052734375 0.052734375
