5 0.177734375 0.1123046875 0.1015625 0.095703125
5 0.828125 0.6279296875 0.0703125 0.115234375
5 0.701171875 0.591796875 0.05078125 0.0625
0 0.130859375 0.4326171875 0.078125 0.119140625
0 0.294921875 0.57421875 0.07421875 0.0546875
0 0.505859375 0.814453125 0.0703125 0.1171875
0 0.2841796875 0.857421875 0.044921875 0.0703125
0 0.6298828125 0.6767578125 0.056640625 0.048828125
0 0.3876953125 0.8134765625 0.041015625 0.072265625
0 0.416015625 0.8681640625 0.0546875 0.052734375
0 0.2626953125 0.697265625 0.041015625 0.0546875
5 0.828125 0.462890625 0.11328125 0.1328125
5 0.6298828125 0.05859375 0.041015625 0.05859375
5 0.6005859375 0.107421875 0.044921875 0.046875
5 0.2060546875 0.416015625 0.037109375 0.04296875
