2 0.7265625 0.322265625 0.06640625 0.16015625
2 0.3125 0.1796875 0.09375 0.2109375
2 0.1787109375 0.2958984375 0.126953125 0.130859375
2 0.4189453125 0.4453125 0.169921875 0.15234375
2 0.4248046875 0.2763671875 0.099609375 0.134765625
2 0.580078125 0.34375 0.16796875 0.1171875
2 0.6767578125 0.521484375 0.103515625 0.11328125
2 0.77734375 0.4794921875 0.078125 0.103515625
2 0.8740234375 0.5693359375 0.033203125 0.083984375
2 0.5927734375 0.03515625 0.115234375 0.0703125
2 0.125 0.0322265625 0.078125 0.056640625
1 0.2412109375 0.0322265625 0.083984375 0.060546875
3 0.5078125 0.822265625 0.94140625 0.33203125
5 0.6337890625 0.9052734375 0.271484375 0.158203125
