0 0.9013671875 0.748046875 0.087890625 0.1875
0 0.5185546875 0.1103515625 0.134765625 0.126953125
0 0.3046875 0.4736328125 0.09765625 0.083984375
0 0.240234375 0.380859375 0.05859375 0.05078125
0 0.26953125 0.732421875 0.125 0.15234375
0 0.603515625 0.890625 0.296875 0.0703125
0 0.7421875 0.5341796875 0.1015625 0.130859375
0 0.646484375 0.353515625 0.08984375 0.15234375
0 0.3173828125 0.0732421875 0.115234375 0.138671875
0 0.337890625 0.2216796875 0.06640625 0.076171875
0 0.66015625 0.076171875 0.09765625 0.140625
0 0.763671875 0.0869140625 0.1015625 0.154296875
0 0.1787109375 0.267578125 0.072265625 0.109375
0 0.8857421875 0.5830078125 0.111328125 0.134765625
0 0.5810546875 0.9677734375 0.349609375 0.052734375
2 0.0947265625 0.73046875 0.068359375 0.1171875
2 0.0849609375 0.91015625 0.072265625 0.1015625
2 0.0771484375 0.5283203125 0.056640625 0.142578125
2 0.6044921875 0.6787109375 0.119140625 0.177734375
2 0.5078125 0.7314453125 0.109375 0.115234375
2 0.3125 0.8564453125 0.078125 0.068359375
2 0.390625 0.8515625 0.06640625 0.078125
2 0.2626953125 0.904296875 0.107421875 0.125
2 0.146484375 0.74609375 0.078125 0.1328125
2 0.078125 0.189453125 0.109375 0.24609375
2 0.845703125 0.0390625 0.0546875 0.05078125
2 0.87890625 0.16015625 0.12109375 0.19140625
2 0.9384765625 0.275390625 0.064453125 0.09765625
2 0.8818359375 0.3349609375 0.126953125 0.123046875
2 0.8564453125 0.419921875 0.087890625 0.06640625
2 0.76953125 0.8759765625 0.13671875 0.158203125
2 0.875 0.9013671875 0.10546875 0.087890625
2 0.9619140625 0.8046875 0.072265625 0.17578125
2 0.609375 0.4453125 0.1171875 0.16796875
2 0.443359375 0.224609375 0.09765625 0.06640625
2 0.4091796875 0.3408203125 0.072265625 0.142578125
