5 0.1640625 0.4404296875 0.09765625 0.146484375
5 0.8115234375 0.7158203125 0.052734375 0.126953125
5 0.9609375 0.4189453125 0.0390625 0.111328125
0 0.5478515625 0.6611328125 0.443359375 0.173828125
0 0.60546875 0.2314453125 0.08984375 0.103515625
0 0.697265625 0.376953125 0.10546875 0.08203125
0 0.59375 0.466796875 0.109375 0.09375
0 0.796875 0.3984375 0.0625 0.0859375
0 0.8232421875 0.541015625 0.119140625 0.1640625
0 0.2998046875 0.2236328125 0.400390625 0.322265625
0 0.53515625 0.0703125 0.65234375 0.140625
0 0.0791015625 0.4580078125 0.158203125 0.439453125
2 0.0458984375 0.6748046875 0.072265625 0.361328125
2 0.234375 0.9296875 0.25 0.1171875
5 0.2275390625 0.7578125 0.087890625 0.1015625
5 0.4091796875 0.7978515625 0.134765625 0.068359375
5 0.283203125 0.61328125 0.08203125 0.109375
5 0.30859375 0.3251953125 0.12109375 0.076171875
5 0.83203125 0.2314453125 0.125 0.123046875
3 0.49609375 0.4990234375 0.92578125 0.919921875
