5 0.2314453125 0.9189453125 0.134765625 0.134765625
5 0.4228515625 0.9296875 0.048828125 0.05078125
5 0.4326171875 0.8115234375 0.048828125 0.048828125
0 0.0927734375 0.185546875 0.083984375 0.26171875
0 0.208984375 0.0283203125 0.0859375 0.056640625
0 0.3349609375 0.1015625 0.146484375 0.19921875
0 0.275390625 0.193359375 0.09375 0.16796875
0 0.19140625 0.236328125 0.08984375 0.31640625
0 0.2880859375 0.4755859375 0.076171875 0.048828125
0 0.31640625 0.5859375 0.16796875 0.1171875
0 0.103515625 0.5986328125 0.1328125 0.080078125
0 0.1201171875 0.7001953125 0.087890625 0.080078125
0 0.3603515625 0.86328125 0.123046875 0.1015625
0 0.474609375 0.970703125 0.09765625 0.0390625
0 0.271484375 0.7119140625 0.046875 0.064453125
0 0.4755859375 0.6044921875 0.099609375 0.087890625
0 0.4521484375 0.4775390625 0.080078125 0.076171875
0 0.3837890625 0.267578125 0.072265625 0.078125
0 0.451171875 0.0849609375 0.08203125 0.142578125
0 0.5107421875 0.05078125 0.083984375 0.05078125
0 0.541015625 0.130859375 0.08984375 0.08984375
0 0.6298828125 0.19140625 0.123046875 0.125
0 0.7080078125 0.1044921875 0.142578125 0.205078125
0 0.8203125 0.1181640625 0.1484375 0.224609375
0 0.919921875 0.080078125 0.0703125 0.10546875
0 0.8984375 0.138671875 0.03515625 0.0625
0 0.958984375 0.255859375 0.078125 0.13671875
0 0.94921875 0.44921875 0.08203125 0.2109375
0 0.826171875 0.572265625 0.0390625 0.078125
0 0.8935546875 0.5859375 0.060546875 0.05859375
0 0.845703125 0.66796875 0.0703125 0.08203125
0 0.9521484375 0.6767578125 0.091796875 0.130859375
0 0.900390625 0.7724609375 0.0859375 0.138671875
0 0.9775390625 0.8056640625 0.048828125 0.119140625
0 0.837890625 0.857421875 0.06640625 0.03515625
0 0.8623046875 0.9052734375 0.060546875 0.048828125
0 0.8251953125 0.9560546875 0.052734375 0.060546875
0 0.689453125 0.974609375 0.046875 0.03125
0 0.5927734375 0.82421875 0.068359375 0.05859375
0 0.673828125 0.7255859375 0.046875 0.068359375
0 0.7607421875 0.298828125 0.048828125 0.12109375
0 0.7470703125 0.39453125 0.083984375 0.125
0 0.720703125 0.48046875 0.12890625 0.0703125
0 0.6904296875 0.5263671875 0.048828125 0.041015625
0 0.6728515625 0.5927734375 0.060546875 0.048828125
0 0.6708984375 0.298828125 0.076171875 0.08984375
4 0.0556640625 0.3095703125 0.099609375 0.517578125
