5 0.462890625 0.9072265625 0.0625 0.044921875
5 0.1318359375 0.80859375 0.107421875 0.078125
5 0.4873046875 0.7744140625 0.099609375 0.072265625
5 0.71484375 0.8076171875 0.04296875 0.041015625
5 0.5751953125 0.435546875 0.037109375 0.04296875
5 0.3837890625 0.8056640625 0.060546875 0.037109375
5 0.4130859375 0.435546875 0.029296875 0.04296875
0 0.3515625 0.140625 0.125 0.1640625
0 0.650390625 0.228515625 0.09765625 0.1640625
0 0.7373046875 0.138671875 0.138671875 0.25
0 0.7958984375 0.4365234375 0.064453125 0.294921875
0 0.962890625 0.52734375 0.0703125 0.2265625
0 0.9443359375 0.82421875 0.060546875 0.109375
0 0.0751953125 0.2451171875 0.068359375 0.193359375
0 0.2001953125 0.3720703125 0.107421875 0.134765625
0 0.5126953125 0.15234375 0.130859375 0.1328125
0 0.3291015625 0.630859375 0.166015625 0.203125
0 0.1171875 0.6533203125 0.1328125 0.169921875
0 0.2001953125 0.046875 0.189453125 0.07421875
0 0.1865234375 0.193359375 0.056640625 0.1328125
0 0.275390625 0.240234375 0.0859375 0.17578125
0 0.388671875 0.3154296875 0.05859375 0.087890625
0 0.365234375 0.3935546875 0.10546875 0.056640625
0 0.458984375 0.5029296875 0.09765625 0.193359375
0 0.462890625 0.650390625 0.05859375 0.0859375
0 0.3623046875 0.951171875 0.134765625 0.0859375
0 0.849609375 0.646484375 0.05859375 0.11328125
0 0.9052734375 0.724609375 0.103515625 0.19921875
0 0.869140625 0.955078125 0.0859375 0.0703125
0 0.7392578125 0.9375 0.099609375 0.07421875
0 0.8310546875 0.1455078125 0.126953125 0.240234375
0 0.9306640625 0.10546875 0.126953125 0.1875
0 0.9365234375 0.1953125 0.033203125 0.0625
0 0.9541015625 0.318359375 0.076171875 0.14453125
0 0.703125 0.3525390625 0.08984375 0.173828125
0 0.5244140625 0.3427734375 0.087890625 0.080078125
5 0.525390625 0.3466796875 0.06640625 0.076171875
5 0.48046875 0.498046875 0.078125 0.171875
5 0.724609375 0.642578125 0.1171875 0.12109375
0 0.7236328125 0.6328125 0.115234375 0.14453125
