2 0.7119140625 0.416015625 0.208984375 0.41796875
2 0.4140625 0.65234375 0.09765625 0.29296875
2 0.53125 0.8466796875 0.09765625 0.267578125
2 0.1240234375 0.884765625 0.134765625 0.14453125
2 0.2822265625 0.9384765625 0.126953125 0.111328125
3 0.783203125 0.8251953125 0.3828125 0.279296875
4 0.7861328125 0.8369140625 0.376953125 0.294921875
4 0.873046875 0.39453125 0.23046875 0.703125
0 0.099609375 0.0546875 0.0703125 0.06640625
0 0.08203125 0.20703125 0.0859375 0.1484375
0 0.169921875 0.16015625 0.05859375 0.09375
0 0.17578125 0.3271484375 0.125 0.212890625
0 0.2490234375 0.15625 0.072265625 0.1484375
0 0.109375 0.5869140625 0.09765625 0.294921875
0 0.2236328125 0.5498046875 0.044921875 0.076171875
0 0.2099609375 0.6533203125 0.033203125 0.138671875
0 0.2578125 0.443359375 0.05078125 0.0390625
0 0.2373046875 0.4970703125 0.048828125 0.056640625
0 0.3076171875 0.3271484375 0.029296875 0.060546875
0 0.3466796875 0.2509765625 0.056640625 0.060546875
0 0.392578125 0.201171875 0.04296875 0.05859375
0 0.4296875 0.1396484375 0.0546875 0.087890625
0 0.4609375 0.0791015625 0.04296875 0.056640625
0 0.5556640625 0.4384765625 0.033203125 0.177734375
0 0.5126953125 0.3154296875 0.146484375 0.107421875
0 0.4365234375 0.404296875 0.103515625 0.15625
0 0.5224609375 0.2060546875 0.048828125 0.048828125
