3 0.6943359375 0.8408203125 0.322265625 0.259765625
3 0.4130859375 0.2431640625 0.423828125 0.357421875
2 0.076171875 0.0556640625 0.07421875 0.103515625
2 0.078125 0.2216796875 0.09765625 0.158203125
2 0.20703125 0.162109375 0.12890625 0.1484375
2 0.1591796875 0.330078125 0.134765625 0.2265625
2 0.099609375 0.587890625 0.16015625 0.2890625
2 0.10546875 0.9072265625 0.11328125 0.154296875
2 0.2470703125 0.9326171875 0.119140625 0.123046875
2 0.232421875 0.5673828125 0.12109375 0.388671875
2 0.341796875 0.27734375 0.12890625 0.18359375
2 0.4326171875 0.1123046875 0.119140625 0.130859375
2 0.4912109375 0.2080078125 0.060546875 0.060546875
2 0.453125 0.37109375 0.18359375 0.2109375
2 0.5517578125 0.4345703125 0.044921875 0.166015625
2 0.3994140625 0.6689453125 0.103515625 0.361328125
2 0.5283203125 0.9072265625 0.107421875 0.169921875
2 0.7265625 0.2880859375 0.08203125 0.158203125
2 0.7158203125 0.4853515625 0.212890625 0.306640625
4 0.908203125 0.3173828125 0.16015625 0.568359375
