0 0.044921875 0.60546875 0.0703125 0.5
0 0.25 0.8740234375 0.11328125 0.232421875
0 0.451171875 0.8564453125 0.15234375 0.205078125
0 0.3720703125 0.6025390625 0.076171875 0.205078125
0 0.6669921875 0.4033203125 0.080078125 0.154296875
0 0.6015625 0.560546875 0.05078125 0.13671875
5 0.408203125 0.09765625 0.06640625 0.08203125
5 0.158203125 0.1416015625 0.05078125 0.115234375
0 0.158203125 0.6083984375 0.0859375 0.123046875
3 0.6845703125 0.12109375 0.341796875 0.21484375
2 0.9306640625 0.1162109375 0.107421875 0.107421875
3 0.490234375 0.880859375 0.4453125 0.19140625
3 0.6357421875 0.5791015625 0.634765625 0.771484375
