5 0.2646484375 0.2744140625 0.107421875 0.193359375
0 0.279296875 0.90625 0.10546875 0.1796875
0 0.123046875 0.607421875 0.06640625 0.2734375
0 0.400390625 0.078125 0.2421875 0.11328125
0 0.4619140625 0.9189453125 0.087890625 0.154296875
3 0.6572265625 0.484375 0.498046875 0.5078125
2 0.71484375 0.365234375 0.15234375 0.19140625
2 0.2177734375 0.5869140625 0.052734375 0.212890625
2 0.345703125 0.400390625 0.13671875 0.07421875
0 0.0595703125 0.267578125 0.087890625 0.2109375
2 0.1484375 0.8955078125 0.08203125 0.169921875
2 0.0244140625 0.845703125 0.056640625 0.09765625
0 0.2060546875 0.0234375 0.083984375 0.04296875
