2 0.548828125 0.2822265625 0.14453125 0.376953125
2 0.1416015625 0.8046875 0.263671875 0.37890625
2 0.8603515625 0.6416015625 0.251953125 0.701171875
2 0.4892578125 0.8759765625 0.369140625 0.232421875
0 0.078125 0.4033203125 0.0546875 0.181640625
2 0.2802734375 0.330078125 0.103515625 0.23046875
2 0.3896484375 0.6025390625 0.146484375 0.208984375
2 0.298828125 0.66015625 0.09765625 0.22265625
2 0.17578125 0.6474609375 0.1484375 0.263671875
2 0.0703125 0.1376953125 0.140625 0.224609375
2 0.0263671875 0.3916015625 0.048828125 0.181640625
2 0.4189453125 0.130859375 0.111328125 0.18359375
2 0.6708984375 0.2392578125 0.099609375 0.373046875
2 0.470703125 0.474609375 0.11328125 0.21484375
2 0.5693359375 0.5419921875 0.095703125 0.142578125
2 0.66015625 0.4482421875 0.05078125 0.083984375
2 0.6005859375 0.6826171875 0.166015625 0.173828125
