0 0.396484375 0.6572265625 0.12109375 0.169921875
0 0.5322265625 0.681640625 0.076171875 0.1015625
0 0.296875 0.794921875 0.15625 0.1015625
0 0.1806640625 0.498046875 0.126953125 0.11328125
0 0.3251953125 0.4443359375 0.080078125 0.091796875
0 0.72265625 0.201171875 0.09765625 0.15234375
0 0.0234375 0.7861328125 0.03515625 0.052734375
5 0.48828125 0.5078125 0.03515625 0.05078125
5 0.73046875 0.521484375 0.0625 0.1015625
2 0.857421875 0.0439453125 0.03515625 0.052734375
3 0.685546875 0.884765625 0.5859375 0.19921875
