0 0.5771484375 0.388671875 0.150390625 0.11328125
0 0.494140625 0.51171875 0.18359375 0.109375
0 0.0322265625 0.6240234375 0.048828125 0.248046875
0 0.2119140625 0.076171875 0.083984375 0.0625
0 0.0390625 0.189453125 0.0703125 0.078125
0 0.7431640625 0.02734375 0.087890625 0.0546875
0 0.126953125 0.5068359375 0.0859375 0.111328125
3 0.6904296875 0.8583984375 0.388671875 0.259765625
3 0.8779296875 0.4921875 0.208984375 0.3125
5 0.3564453125 0.341796875 0.087890625 0.06640625
5 0.798828125 0.19921875 0.05859375 0.09765625
5 0.912109375 0.1865234375 0.03125 0.044921875
