2 0.103515625 0.5859375 0.15625 0.07421875
2 0.1416015625 0.8349609375 0.208984375 0.244140625
2 0.3349609375 0.6171875 0.041015625 0.05078125
2 0.841796875 0.365234375 0.07421875 0.09375
5 0.5224609375 0.373046875 0.134765625 0.171875
5 0.568359375 0.576171875 0.0390625 0.04296875
5 0.591796875 0.654296875 0.05078125 0.0546875
5 0.353515625 0.25390625 0.0625 0.05859375
5 0.2021484375 0.0625 0.048828125 0.04296875
5 0.0712890625 0.1806640625 0.041015625 0.041015625
5 0.8291015625 0.7412109375 0.072265625 0.201171875
5 0.345703125 0.7978515625 0.05078125 0.048828125
0 0.427734375 0.0927734375 0.0625 0.048828125
