5 0.7119140625 0.3544921875 0.134765625 0.208984375
5 0.5068359375 0.189453125 0.072265625 0.09765625
5 0.201171875 0.2900390625 0.0390625 0.048828125
5 0.11328125 0.2880859375 0.03515625 0.072265625
5 0.49609375 0.5361328125 0.03515625 0.041015625
5 0.681640625 0.7412109375 0.078125 0.111328125
5 0.6767578125 0.64453125 0.041015625 0.05859375
0 0.294921875 0.8740234375 0.2890625 0.169921875
0 0.1220703125 0.6884765625 0.185546875 0.115234375
0 0.087890625 0.865234375 0.078125 0.09765625
5 0.3798828125 0.7158203125 0.052734375 0.060546875
5 0.2919921875 0.55859375 0.044921875 0.03125
5 0.1435546875 0.41796875 0.033203125 0.046875
1 0.267578125 0.1328125 0.30078125 0.1328125
2 0.6240234375 0.005859375 0.302734375 0.01171875
