2 0.7197265625 0.7431640625 0.056640625 0.044921875
2 0.751953125 0.822265625 0.05859375 0.078125
2 0.6533203125 0.9716796875 0.041015625 0.037109375
2 0.5615234375 0.9853515625 0.056640625 0.017578125
2 0.8857421875 0.4736328125 0.060546875 0.072265625
2 0.8408203125 0.05078125 0.056640625 0.08203125
4 0.26171875 0.4501953125 0.46875 0.689453125
2 0.8173828125 0.5634765625 0.037109375 0.052734375
2 0.9482421875 0.6611328125 0.029296875 0.044921875
1 0.8681640625 0.9365234375 0.146484375 0.103515625
