3 0.5234375 0.4521484375 0.81640625 0.654296875
2 0.12109375 0.19140625 0.078125 0.05078125
2 0.1083984375 0.1015625 0.076171875 0.05078125
2 0.1904296875 0.9462890625 0.107421875 0.083984375
2 0.40234375 0.8076171875 0.07421875 0.080078125
2 0.6513671875 0.798828125 0.048828125 0.1328125
2 0.8203125 0.8916015625 0.15625 0.201171875
5 0.8212890625 0.88671875 0.123046875 0.16796875
5 0.9140625 0.3173828125 0.140625 0.318359375
5 0.76953125 0.34375 0.27734375 0.12109375
5 0.41796875 0.6962890625 0.125 0.091796875
5 0.4921875 0.072265625 0.0625 0.05078125
5 0.1171875 0.470703125 0.05859375 0.06640625
