2 0.5 0.421875 0.98046875 0.828125
2 0.0732421875 0.8818359375 0.060546875 0.052734375
1 0.8349609375 0.8837890625 0.279296875 0.193359375
2 0.3662109375 0.69921875 0.162109375 0.25390625
2 0.400390625 0.1181640625 0.11328125 0.185546875
2 0.5439453125 0.1005859375 0.130859375 0.189453125
2 0.5234375 0.232421875 0.0625 0.08984375
2 0.7041015625 0.1708984375 0.060546875 0.123046875
2 0.6494140625 0.2333984375 0.048828125 0.099609375
2 0.787109375 0.2919921875 0.109375 0.111328125
2 0.841796875 0.4267578125 0.07421875 0.087890625
2 0.12109375 0.115234375 0.078125 0.12109375
2 0.818359375 0.1279296875 0.1171875 0.197265625
2 0.9375 0.2685546875 0.109375 0.306640625
0 0.958984375 0.7412109375 0.05078125 0.126953125
