5 0.7734375 0.8037109375 0.12890625 0.181640625
5 0.947265625 0.3798828125 0.09375 0.111328125
2 0.6259765625 0.2294921875 0.255859375 0.103515625
2 0.8173828125 0.0556640625 0.166015625 0.091796875
5 0.0615234375 0.6171875 0.083984375 0.0703125
3 0.4833984375 0.3173828125 0.498046875 0.181640625
4 0.458984375 0.3564453125 0.32421875 0.216796875
5 0.4423828125 0.845703125 0.052734375 0.0625
5 0.0966796875 0.8271484375 0.060546875 0.048828125
5 0.1484375 0.6162109375 0.08203125 0.064453125
5 0.203125 0.515625 0.04296875 0.046875
