5 0.87109375 0.28125 0.23046875 0.28515625
5 0.8310546875 0.66796875 0.044921875 0.03515625
5 0.9716796875 0.84765625 0.037109375 0.0703125
5 0.6513671875 0.88671875 0.111328125 0.078125
5 0.6357421875 0.5673828125 0.044921875 0.048828125
5 0.66796875 0.24609375 0.03515625 0.10546875
5 0.5634765625 0.2099609375 0.037109375 0.041015625
5 0.44140625 0.2734375 0.046875 0.02734375
5 0.462890625 0.0361328125 0.04296875 0.044921875
5 0.6357421875 0.037109375 0.041015625 0.03515625
4 0.509765625 0.3447265625 0.234375 0.134765625
