5 0.9345703125 0.287109375 0.111328125 0.09765625
5 0.79296875 0.255859375 0.19921875 0.10546875
5 0.83203125 0.52734375 0.0390625 0.046875
5 0.923828125 0.525390625 0.08203125 0.046875
5 0.9521484375 0.6064453125 0.083984375 0.095703125
5 0.623046875 0.6416015625 0.0625 0.154296875
5 0.3037109375 0.53515625 0.048828125 0.09765625
5 0.3564453125 0.5439453125 0.041015625 0.072265625
5 0.40234375 0.525390625 0.0390625 0.05859375
5 0.5859375 0.91796875 0.08203125 0.0703125
4 0.55859375 0.314453125 0.578125 0.46875
