1 0.9111328125 0.9140625 0.095703125 0.12109375
2 0.0859375 0.1943359375 0.12890625 0.236328125
2 0.353515625 0.5771484375 0.1015625 0.103515625
2 0.9150390625 0.6044921875 0.068359375 0.185546875
2 0.8662109375 0.326171875 0.056640625 0.0703125
2 0.560546875 0.0810546875 0.26171875 0.126953125
2 0.04296875 0.6376953125 0.0703125 0.333984375
2 0.630859375 0.9638671875 0.0625 0.056640625
2 0.099609375 0.8828125 0.06640625 0.09375
2 0.294921875 0.287109375 0.05859375 0.08984375
3 0.4560546875 0.5166015625 0.822265625 0.818359375
