5 0.888671875 0.16015625 0.2109375 0.28125
5 0.7587890625 0.3232421875 0.224609375 0.208984375
5 0.9423828125 0.4345703125 0.107421875 0.099609375
5 0.8232421875 0.830078125 0.048828125 0.05859375
5 0.3935546875 0.916015625 0.048828125 0.046875
5 0.32421875 0.9658203125 0.046875 0.041015625
5 0.642578125 0.8818359375 0.05078125 0.033203125
5 0.583984375 0.712890625 0.04296875 0.0390625
5 0.685546875 0.615234375 0.0390625 0.046875
5 0.9169921875 0.6337890625 0.037109375 0.044921875
5 0.953125 0.734375 0.046875 0.0546875
5 0.77734375 0.69921875 0.05078125 0.0390625
5 0.7001953125 0.7177734375 0.037109375 0.041015625
5 0.708984375 0.634765625 0.0390625 0.046875
5 0.810546875 0.7607421875 0.05078125 0.052734375
5 0.8349609375 0.896484375 0.048828125 0.05078125
5 0.3134765625 0.7802734375 0.033203125 0.052734375
5 0.068359375 0.5859375 0.09375 0.05078125
4 0.4658203125 0.365234375 0.220703125 0.14453125
