4 0.421875 0.4140625 0.49609375 0.44921875
1 0.884765625 0.8896484375 0.20703125 0.201171875
5 0.7119140625 0.62109375 0.048828125 0.0703125
5 0.75390625 0.734375 0.08984375 0.171875
5 0.8232421875 0.857421875 0.146484375 0.125
5 0.9326171875 0.384765625 0.111328125 0.12109375
5 0.8408203125 0.34375 0.048828125 0.078125
5 0.771484375 0.2421875 0.05859375 0.08203125
5 0.7470703125 0.349609375 0.095703125 0.07421875
5 0.625 0.55859375 0.06640625 0.07421875
5 0.619140625 0.294921875 0.13671875 0.1015625
