1 0.8837890625 0.8798828125 0.193359375 0.201171875
2 0.5029296875 0.4970703125 0.962890625 0.943359375
2 0.6953125 0.5830078125 0.046875 0.080078125
2 0.7666015625 0.4873046875 0.033203125 0.068359375
2 0.728515625 0.6572265625 0.05859375 0.060546875
2 0.384765625 0.748046875 0.0546875 0.12109375
2 0.3271484375 0.6611328125 0.119140625 0.095703125
2 0.388671875 0.5751953125 0.08203125 0.107421875
2 0.1083984375 0.5888671875 0.072265625 0.072265625
2 0.171875 0.76171875 0.09375 0.125
2 0.3701171875 0.8916015625 0.166015625 0.072265625
2 0.5869140625 0.919921875 0.095703125 0.0625
