5 0.9091796875 0.2958984375 0.162109375 0.384765625
5 0.783203125 0.3193359375 0.2421875 0.173828125
5 0.3740234375 0.9404296875 0.083984375 0.072265625
5 0.6728515625 0.8154296875 0.068359375 0.208984375
5 0.8876953125 0.9365234375 0.099609375 0.091796875
5 0.8857421875 0.65625 0.041015625 0.0390625
5 0.4267578125 0.7646484375 0.072265625 0.052734375
5 0.22265625 0.642578125 0.046875 0.0703125
5 0.1240234375 0.6298828125 0.076171875 0.052734375
5 0.0703125 0.529296875 0.05859375 0.08203125
5 0.05859375 0.24609375 0.07421875 0.0703125
5 0.458984375 0.041015625 0.08203125 0.0625
5 0.7109375 0.0576171875 0.078125 0.099609375
