2 0.4873046875 0.2080078125 0.208984375 0.169921875
2 0.08984375 0.1259765625 0.12890625 0.138671875
2 0.8203125 0.296875 0.06640625 0.109375
2 0.98046875 0.580078125 0.03125 0.10546875
2 0.724609375 0.36328125 0.046875 0.05078125
2 0.5107421875 0.3681640625 0.041015625 0.033203125
2 0.5244140625 0.455078125 0.041015625 0.0390625
2 0.7490234375 0.11328125 0.197265625 0.09765625
2 0.984375 0.7666015625 0.01953125 0.126953125
1 0.912109375 0.8740234375 0.11328125 0.126953125
4 0.2236328125 0.7158203125 0.373046875 0.509765625
