5 0.9423828125 0.3720703125 0.099609375 0.111328125
5 0.7587890625 0.751953125 0.099609375 0.12109375
5 0.4697265625 0.779296875 0.060546875 0.046875
5 0.8388671875 0.44140625 0.056640625 0.10546875
5 0.7431640625 0.5322265625 0.037109375 0.044921875
5 0.185546875 0.515625 0.0703125 0.08984375
5 0.109375 0.4326171875 0.08203125 0.076171875
5 0.2490234375 0.2216796875 0.033203125 0.041015625
5 0.7822265625 0.0458984375 0.181640625 0.091796875
2 0.626953125 0.2373046875 0.39453125 0.126953125
4 0.4677734375 0.3173828125 0.419921875 0.251953125
