0 0.45111111111111113 0.5 0.02666666666666667 0.02608695652173913
0 0.4722222222222222 0.475 0.02 0.02826086956521739
0 0.4222222222222222 0.5369565217391304 0.022222222222222223 0.043478260869565216
0 0.48777777777777775 0.5597826086956522 0.03777777777777778 0.041304347826086954
0 0.4722222222222222 0.7967391304347826 0.05555555555555555 0.10217391304347827
0 0.43333333333333335 0.13043478260869565 0.022222222222222223 0.030434782608695653
0 0.5577777777777778 0.1923913043478261 0.09333333333333334 0.05434782608695652
0 0.042222222222222223 0.2565217391304348 0.02666666666666667 0.02608695652173913
0 0.07888888888888888 0.26413043478260867 0.02 0.01956521739130435
2 0.09666666666666666 0.15543478260869564 0.19333333333333333 0.07173913043478261
2 0.1111111111111111 0.9391304347826087 0.21777777777777776 0.06521739130434782
2 0.8944444444444445 0.9402173913043478 0.2111111111111111 0.06739130434782609
4 0.45444444444444443 0.9467391304347826 0.23333333333333334 0.07608695652173914
4 0.6011111111111112 0.5945652173913043 0.14 0.10217391304347827
1 0.5611111111111111 0.20652173913043478 0.2111111111111111 0.13478260869565217
