0 0.06760204081632654 0.4087193460490463 0.03316326530612245 0.0653950953678474
0 0.047193877551020405 0.46185286103542234 0.07397959183673469 0.051771117166212535
0 0.1364795918367347 0.4673024523160763 0.07908163265306123 0.05722070844686648
0 0.21428571428571427 0.49318801089918257 0.09693877551020408 0.05449591280653951
0 0.3086734693877551 0.4904632152588556 0.10714285714285714 0.04904632152588556
0 0.40688775510204084 0.49318801089918257 0.05357142857142857 0.03814713896457766
0 0.625 0.4673024523160763 0.025510204081632654 0.05722070844686648
0 0.6160714285714286 0.5272479564032697 0.05357142857142857 0.04632152588555858
0 0.673469387755102 0.5122615803814714 0.08673469387755102 0.043596730245231606
0 0.7576530612244898 0.5313351498637602 0.08673469387755102 0.07084468664850137
0 0.8852040816326531 0.5 0.05612244897959184 0.035422343324250684
0 0.9426020408163265 0.5 0.04846938775510204 0.05722070844686648
0 0.9693877551020408 0.3991825613079019 0.05102040816326531 0.08446866485013624
0 0.5752551020408163 0.18528610354223432 0.11989795918367346 0.09809264305177112
0 0.40433673469387754 0.08583106267029973 0.09438775510204081 0.08446866485013624
0 0.4336734693877551 0.3991825613079019 0.11224489795918367 0.05722070844686648
0 0.13520408163265307 0.23841961852861035 0.03571428571428571 0.04087193460490463
0 0.8214285714285714 0.18664850136239783 0.03571428571428571 0.035422343324250684
0 0.9107142857142857 0.5967302452316077 0.04591836734693878 0.027247956403269755
0 0.9375 0.6185286103542235 0.03826530612244898 0.027247956403269755
3 0.5408163265306123 0.4713896457765668 0.826530612244898 0.555858310626703
