0 0.21574344023323616 0.605121293800539 0.04664723032069971 0.05660377358490566
0 0.33090379008746357 0.7695417789757413 0.04956268221574344 0.07816711590296496
5 0.33090379008746357 0.77088948787062 0.04956268221574344 0.0646900269541779
0 0.04518950437317784 0.13881401617250674 0.02040816326530612 0.018867924528301886
0 0.1282798833819242 0.09299191374663072 0.04081632653061224 0.04043126684636118
0 0.3236151603498542 0.21024258760107817 0.06997084548104957 0.026954177897574125
0 0.239067055393586 0.24123989218328842 0.023323615160349854 0.03504043126684636
0 0.23177842565597667 0.2587601078167116 0.03206997084548105 0.026954177897574125
0 0.15014577259475217 0.38409703504043125 0.037900874635568516 0.03504043126684636
0 0.2696793002915452 0.10512129380053908 0.0728862973760933 0.05929919137466307
0 0.35714285714285715 0.09029649595687332 0.03206997084548105 0.02425876010781671
0 0.48104956268221577 0.18463611859838275 0.052478134110787174 0.05660377358490566
0 0.20699708454810495 0.15498652291105122 0.029154518950437316 0.03504043126684636
2 0.11078717201166181 0.20754716981132076 0.09912536443148688 0.07547169811320754
2 0.7405247813411079 0.4366576819407008 0.09912536443148688 0.3665768194070081
2 0.8367346938775511 0.8126684636118598 0.2565597667638484 0.353099730458221
1 0.8775510204081632 0.578167115902965 0.239067055393586 0.7681940700808625
0 0.575801749271137 0.4973045822102426 0.09037900874635568 0.05121293800539083
0 0.607871720116618 0.46630727762803237 0.03206997084548105 0.05390835579514825
0 0.6807580174927114 0.5700808625336927 0.03206997084548105 0.04043126684636118
2 0.5918367346938775 0.48247978436657685 0.1749271137026239 0.14555256064690028
