0 0.3482142857142857 0.36648501362397823 0.03316326530612245 0.035422343324250684
0 0.14030612244897958 0.391008174386921 0.04081632653061224 0.04087193460490463
0 0.2308673469387755 0.5177111716621253 0.03826530612244898 0.043596730245231606
0 0.27040816326530615 0.5544959128065395 0.02040816326530612 0.02452316076294278
0 0.33163265306122447 0.5967302452316077 0.08163265306122448 0.043596730245231606
0 0.29591836734693877 0.6185286103542235 0.07142857142857142 0.05449591280653951
0 0.18877551020408162 0.6280653950953679 0.025510204081632654 0.051771117166212535
0 0.21556122448979592 0.7166212534059946 0.06377551020408163 0.04904632152588556
0 0.14668367346938777 0.8038147138964578 0.058673469387755105 0.03814713896457766
0 0.33035714285714285 0.6825613079019074 0.03316326530612245 0.02997275204359673
0 0.4387755102040816 0.7247956403269755 0.14285714285714285 0.05449591280653951
0 0.41709183673469385 0.6743869209809265 0.02295918367346939 0.01907356948228883
0 0.3903061224489796 0.4822888283378747 0.04591836734693878 0.07084468664850137
0 0.475765306122449 0.4100817438692098 0.02295918367346939 0.02452316076294278
0 0.4387755102040816 0.42370572207084467 0.025510204081632654 0.02997275204359673
0 0.4732142857142857 0.44141689373297005 0.03316326530612245 0.03814713896457766
0 0.5420918367346939 0.3528610354223433 0.06887755102040816 0.04632152588555858
1 0.8635204081632653 0.49727520435967304 0.2423469387755102 0.9073569482288828
3 0.5497448979591837 0.14850136239782016 0.29846938775510207 0.24795640326975477
