2 0.9599609375 0.4306640625 0.072265625 0.150390625
5 0.1640625 0.1689453125 0.07421875 0.044921875
5 0.4013671875 0.2060546875 0.107421875 0.076171875
5 0.5625 0.2568359375 0.05859375 0.056640625
5 0.3857421875 0.2919921875 0.224609375 0.072265625
5 0.1103515625 0.4326171875 0.138671875 0.091796875
5 0.125 0.5966796875 0.08203125 0.119140625
5 0.1533203125 0.716796875 0.044921875 0.05078125
5 0.203125 0.7763671875 0.0546875 0.076171875
5 0.193359375 0.8740234375 0.07421875 0.083984375
0 0.609375 0.744140625 0.0625 0.17578125
0 0.4970703125 0.8056640625 0.068359375 0.123046875
0 0.5166015625 0.908203125 0.068359375 0.03515625
0 0.3759765625 0.763671875 0.130859375 0.08984375
0 0.3984375 0.9091796875 0.0859375 0.166015625
0 0.2763671875 0.6865234375 0.072265625 0.119140625
0 0.748046875 0.466796875 0.28125 0.19140625
5 0.759765625 0.828125 0.07421875 0.125
5 0.6943359375 0.9091796875 0.064453125 0.041015625
5 0.5986328125 0.931640625 0.044921875 0.05078125
5 0.84375 0.8232421875 0.0390625 0.052734375
5 0.390625 0.4736328125 0.0390625 0.064453125
5 0.4453125 0.5703125 0.046875 0.04296875
5 0.34375 0.111328125 0.05078125 0.03125
5 0.1748046875 0.837890625 0.130859375 0.265625
