0 0.7314453125 0.498046875 0.154296875 0.22265625
0 0.8232421875 0.7822265625 0.095703125 0.169921875
0 0.5087890625 0.466796875 0.177734375 0.28125
0 0.4150390625 0.1318359375 0.099609375 0.150390625
0 0.5 0.0380859375 0.12109375 0.060546875
0 0.53515625 0.1162109375 0.1328125 0.072265625
0 0.6533203125 0.03515625 0.072265625 0.05078125
0 0.7822265625 0.283203125 0.099609375 0.07421875
0 0.896484375 0.2216796875 0.0546875 0.060546875
0 0.1318359375 0.3134765625 0.087890625 0.076171875
0 0.1357421875 0.5205078125 0.087890625 0.064453125
0 0.244140625 0.3994140625 0.07421875 0.123046875
0 0.107421875 0.61328125 0.07421875 0.06640625
0 0.0546875 0.7216796875 0.05078125 0.044921875
2 0.1474609375 0.9208984375 0.134765625 0.134765625
2 0.5078125 0.865234375 0.18359375 0.203125
2 0.3076171875 0.615234375 0.056640625 0.08984375
2 0.0927734375 0.0849609375 0.060546875 0.068359375
4 0.1806640625 0.1474609375 0.353515625 0.279296875
5 0.9013671875 0.5078125 0.150390625 0.31640625
