2 0.2763671875 0.255859375 0.076171875 0.078125
2 0.1669921875 0.123046875 0.095703125 0.13671875
2 0.3662109375 0.0849609375 0.087890625 0.111328125
2 0.0595703125 0.3662109375 0.080078125 0.251953125
2 0.1767578125 0.583984375 0.119140625 0.11328125
2 0.9384765625 0.3681640625 0.087890625 0.267578125
2 0.8232421875 0.259765625 0.103515625 0.140625
0 0.6005859375 0.455078125 0.216796875 0.18359375
5 0.7509765625 0.263671875 0.314453125 0.39453125
2 0.76953125 0.9423828125 0.1875 0.080078125
2 0.869140625 0.8173828125 0.07421875 0.103515625
2 0.0966796875 0.9072265625 0.177734375 0.162109375
2 0.294921875 0.9189453125 0.33984375 0.080078125
2 0.7236328125 0.6796875 0.283203125 0.203125
