2 0.9453125 0.400390625 0.08203125 0.26953125
2 0.9443359375 0.6953125 0.091796875 0.171875
2 0.6748046875 0.46484375 0.189453125 0.19921875
2 0.7392578125 0.7783203125 0.048828125 0.091796875
2 0.8427734375 0.8544921875 0.072265625 0.177734375
2 0.48828125 0.9296875 0.15234375 0.1015625
2 0.2470703125 0.71875 0.166015625 0.1328125
2 0.13671875 0.525390625 0.10546875 0.16015625
2 0.060546875 0.814453125 0.09375 0.1875
2 0.26171875 0.0869140625 0.27734375 0.173828125
2 0.5 0.5 0.98046875 0.96875
