2 0.5380859375 0.4228515625 0.083984375 0.072265625
2 0.4453125 0.58984375 0.07421875 0.11328125
2 0.7080078125 0.2607421875 0.076171875 0.060546875
2 0.689453125 0.3701171875 0.0625 0.052734375
2 0.6767578125 0.4775390625 0.044921875 0.044921875
2 0.6298828125 0.5576171875 0.037109375 0.041015625
2 0.6005859375 0.6689453125 0.060546875 0.056640625
2 0.763671875 0.693359375 0.0625 0.08984375
2 0.8740234375 0.4287109375 0.158203125 0.236328125
2 0.8505859375 0.15234375 0.064453125 0.0625
2 0.35546875 0.2314453125 0.1484375 0.173828125
2 0.1982421875 0.3896484375 0.177734375 0.154296875
2 0.2431640625 0.6220703125 0.083984375 0.072265625
2 0.392578125 0.947265625 0.1640625 0.06640625
2 0.7431640625 0.900390625 0.134765625 0.16015625
2 0.228515625 0.783203125 0.1015625 0.07421875
4 0.1845703125 0.1748046875 0.361328125 0.326171875
