0 0.8076171875 0.5107421875 0.060546875 0.056640625
0 0.7197265625 0.732421875 0.041015625 0.03515625
0 0.7451171875 0.798828125 0.052734375 0.04296875
0 0.3359375 0.7490234375 0.03515625 0.041015625
0 0.3115234375 0.6064453125 0.048828125 0.048828125
0 0.3515625 0.4462890625 0.05859375 0.041015625
0 0.2685546875 0.3994140625 0.048828125 0.083984375
0 0.6904296875 0.3388671875 0.060546875 0.048828125
0 0.466796875 0.2109375 0.04296875 0.05859375
4 0.236328125 0.6318359375 0.28125 0.345703125
1 0.1357421875 0.92578125 0.193359375 0.12890625
