2 0.3720703125 0.1142578125 0.134765625 0.169921875
2 0.283203125 0.1474609375 0.05078125 0.060546875
2 0.1279296875 0.2109375 0.044921875 0.046875
2 0.966796875 0.1884765625 0.0546875 0.142578125
2 0.0849609375 0.3115234375 0.052734375 0.123046875
0 0.419921875 0.4345703125 0.03125 0.048828125
0 0.3359375 0.9619140625 0.08203125 0.044921875
0 0.4423828125 0.583984375 0.072265625 0.09375
0 0.1845703125 0.19921875 0.044921875 0.05078125
0 0.109375 0.8193359375 0.05859375 0.060546875
0 0.0556640625 0.7744140625 0.037109375 0.048828125
0 0.0126953125 0.7255859375 0.025390625 0.056640625
0 0.5947265625 0.6826171875 0.052734375 0.048828125
0 0.900390625 0.859375 0.0390625 0.046875
0 0.775390625 0.099609375 0.03515625 0.046875
4 0.8388671875 0.486328125 0.294921875 0.875
