2 0.431640625 0.884765625 0.06640625 0.1953125
2 0.53515625 0.9013671875 0.05078125 0.103515625
2 0.646484375 0.875 0.1015625 0.12890625
2 0.0546875 0.38671875 0.09765625 0.11328125
2 0.2822265625 0.7548828125 0.072265625 0.060546875
2 0.3056640625 0.849609375 0.048828125 0.05859375
2 0.474609375 0.640625 0.0546875 0.04296875
2 0.107421875 0.482421875 0.04296875 0.0390625
5 0.439453125 0.2578125 0.33203125 0.18359375
5 0.798828125 0.4873046875 0.17578125 0.162109375
5 0.16796875 0.853515625 0.140625 0.23046875
5 0.0810546875 0.662109375 0.134765625 0.10546875
5 0.802734375 0.8564453125 0.1640625 0.244140625
2 0.45703125 0.109375 0.05859375 0.12890625
2 0.70703125 0.1689453125 0.0546875 0.068359375
2 0.37109375 0.0341796875 0.04296875 0.068359375
2 0.65234375 0.533203125 0.04296875 0.06640625
