5 0.5185546875 0.248046875 0.044921875 0.05078125
5 0.470703125 0.3623046875 0.04296875 0.048828125
5 0.2919921875 0.2705078125 0.302734375 0.158203125
5 0.0927734375 0.916015625 0.095703125 0.14453125
5 0.0126953125 0.7431640625 0.025390625 0.130859375
5 0.0361328125 0.6025390625 0.052734375 0.064453125
5 0.8583984375 0.875 0.095703125 0.18359375
5 0.4130859375 0.6884765625 0.044921875 0.052734375
0 0.3134765625 0.0478515625 0.080078125 0.076171875
0 0.2177734375 0.0537109375 0.060546875 0.087890625
0 0.181640625 0.748046875 0.06640625 0.0390625
0 0.349609375 0.9052734375 0.05859375 0.056640625
0 0.4580078125 0.9033203125 0.076171875 0.126953125
0 0.228515625 0.9072265625 0.08984375 0.076171875
0 0.1787109375 0.951171875 0.052734375 0.03125
0 0.6103515625 0.9208984375 0.107421875 0.123046875
0 0.076171875 0.755859375 0.09375 0.08984375
0 0.0859375 0.5966796875 0.03125 0.068359375
0 0.740234375 0.501953125 0.03515625 0.046875
0 0.7197265625 0.9052734375 0.037109375 0.052734375
