2 0.712890625 0.0654296875 0.25390625 0.123046875
2 0.931640625 0.345703125 0.05078125 0.07421875
2 0.8857421875 0.2861328125 0.064453125 0.056640625
2 0.9541015625 0.4599609375 0.048828125 0.064453125
2 0.361328125 0.3837890625 0.10546875 0.146484375
2 0.1884765625 0.0302734375 0.134765625 0.048828125
2 0.7236328125 0.6748046875 0.162109375 0.576171875
2 0.0810546875 0.6904296875 0.126953125 0.498046875
4 0.3896484375 0.8037109375 0.623046875 0.376953125
1 0.873046875 0.896484375 0.234375 0.19140625
