2 0.9501953125 0.4794921875 0.087890625 0.240234375
2 0.9228515625 0.759765625 0.076171875 0.1640625
0 0.9873046875 0.802734375 0.021484375 0.07421875
2 0.6298828125 0.126953125 0.130859375 0.0859375
2 0.2041015625 0.3564453125 0.373046875 0.236328125
2 0.046875 0.66796875 0.08203125 0.3046875
2 0.15625 0.8232421875 0.08203125 0.119140625
2 0.2275390625 0.564453125 0.041015625 0.0390625
2 0.26171875 0.513671875 0.03125 0.046875
4 0.376953125 0.62890625 0.44140625 0.4296875
1 0.8701171875 0.728515625 0.220703125 0.49609375
