5 0.1044921875 0.4072265625 0.150390625 0.099609375
5 0.1435546875 0.6181640625 0.060546875 0.103515625
5 0.1611328125 0.716796875 0.041015625 0.046875
5 0.2275390625 0.7890625 0.048828125 0.0703125
5 0.2119140625 0.8583984375 0.037109375 0.056640625
5 0.1669921875 0.79296875 0.033203125 0.04296875
5 0.6376953125 0.77734375 0.052734375 0.05078125
5 0.45703125 0.1474609375 0.15234375 0.099609375
5 0.3779296875 0.310546875 0.134765625 0.0703125
5 0.2099609375 0.9384765625 0.060546875 0.052734375
5 0.0263671875 0.5986328125 0.037109375 0.072265625
5 0.80078125 0.7255859375 0.0390625 0.076171875
5 0.88671875 0.78515625 0.03515625 0.0625
5 0.76171875 0.8603515625 0.1640625 0.166015625
2 0.533203125 0.8134765625 0.05078125 0.123046875
2 0.427734375 0.900390625 0.0625 0.14453125
2 0.4326171875 0.775390625 0.056640625 0.078125
2 0.5888671875 0.947265625 0.033203125 0.046875
5 0.64453125 0.2177734375 0.06640625 0.064453125
2 0.68359375 0.521484375 0.046875 0.03125
2 0.4873046875 0.5791015625 0.048828125 0.033203125
2 0.8154296875 0.4443359375 0.033203125 0.041015625
5 0.4345703125 0.2431640625 0.166015625 0.099609375
1 0.080078125 0.091796875 0.12890625 0.15625
