2 0.2333984375 0.4990234375 0.041015625 0.072265625
2 0.19921875 0.3935546875 0.03125 0.041015625
2 0.1943359375 0.3408203125 0.041015625 0.033203125
0 0.0869140625 0.84765625 0.083984375 0.08203125
0 0.1689453125 0.95703125 0.052734375 0.078125
0 0.1142578125 0.548828125 0.033203125 0.04296875
2 0.0693359375 0.4404296875 0.033203125 0.072265625
2 0.1083984375 0.4072265625 0.037109375 0.041015625
2 0.01171875 0.5185546875 0.01953125 0.095703125
4 0.5341796875 0.54296875 0.419921875 0.68359375
1 0.814453125 0.9462890625 0.1484375 0.091796875
