2 0.1416015625 0.4052734375 0.076171875 0.068359375
2 0.0244140625 0.28515625 0.044921875 0.08984375
2 0.6279296875 0.0859375 0.056640625 0.0546875
2 0.5478515625 0.095703125 0.068359375 0.0546875
2 0.3603515625 0.2216796875 0.068359375 0.068359375
2 0.314453125 0.2744140625 0.05859375 0.052734375
2 0.28515625 0.322265625 0.0546875 0.046875
2 0.2451171875 0.349609375 0.037109375 0.04296875
2 0.01171875 0.634765625 0.0234375 0.04296875
2 0.1494140625 0.0263671875 0.044921875 0.037109375
2 0.720703125 0.3544921875 0.046875 0.134765625
4 0.5703125 0.375 0.44140625 0.5625
