5 0.2900390625 0.4609375 0.146484375 0.12890625
5 0.4228515625 0.6162109375 0.169921875 0.201171875
5 0.12890625 0.5966796875 0.23828125 0.201171875
5 0.095703125 0.8154296875 0.15234375 0.158203125
5 0.2373046875 0.875 0.060546875 0.078125
5 0.396484375 0.84375 0.05859375 0.0546875
5 0.3115234375 0.7666015625 0.060546875 0.060546875
5 0.4677734375 0.90234375 0.048828125 0.05078125
5 0.3837890625 0.96484375 0.064453125 0.03125
5 0.1611328125 0.3193359375 0.115234375 0.072265625
5 0.029296875 0.3759765625 0.0546875 0.166015625
5 0.3330078125 0.1416015625 0.419921875 0.271484375
0 0.6298828125 0.7734375 0.037109375 0.046875
0 0.1875 0.7470703125 0.0390625 0.044921875
0 0.236328125 0.751953125 0.03515625 0.05078125
0 0.3720703125 0.7587890625 0.037109375 0.044921875
0 0.2646484375 0.736328125 0.037109375 0.04296875
0 0.267578125 0.6318359375 0.03125 0.044921875
0 0.4501953125 0.9638671875 0.044921875 0.041015625
4 0.802734375 0.5146484375 0.359375 0.955078125
