0 0.8974609375 0.2412109375 0.052734375 0.056640625
0 0.9599609375 0.4501953125 0.041015625 0.076171875
2 0.2412109375 0.9375 0.185546875 0.109375
2 0.1689453125 0.6552734375 0.087890625 0.072265625
4 0.4345703125 0.4619140625 0.544921875 0.646484375
2 0.7802734375 0.0673828125 0.048828125 0.048828125
2 0.7626953125 0.2373046875 0.048828125 0.052734375
2 0.8154296875 0.2119140625 0.044921875 0.041015625
2 0.875 0.5927734375 0.03125 0.041015625
2 0.5107421875 0.673828125 0.052734375 0.08203125
1 0.8271484375 0.9365234375 0.216796875 0.111328125
