2 0.478515625 0.0302734375 0.2578125 0.060546875
2 0.666015625 0.0322265625 0.05078125 0.064453125
2 0.0478515625 0.4521484375 0.056640625 0.056640625
2 0.1103515625 0.4853515625 0.033203125 0.048828125
2 0.0517578125 0.677734375 0.060546875 0.05859375
2 0.0703125 0.7666015625 0.03515625 0.048828125
2 0.0244140625 0.3603515625 0.048828125 0.048828125
2 0.142578125 0.3349609375 0.0390625 0.060546875
1 0.76171875 0.9248046875 0.1953125 0.142578125
4 0.5810546875 0.4365234375 0.470703125 0.349609375
