2 0.4306640625 0.8837890625 0.060546875 0.166015625
2 0.2998046875 0.947265625 0.158203125 0.09765625
2 0.3193359375 0.8125 0.166015625 0.09765625
2 0.703125 0.6943359375 0.24609375 0.076171875
2 0.6416015625 0.234375 0.333984375 0.15234375
2 0.1982421875 0.5712890625 0.064453125 0.103515625
0 0.90625 0.3134765625 0.17578125 0.181640625
0 0.0361328125 0.4755859375 0.072265625 0.130859375
1 0.0146484375 0.7109375 0.029296875 0.234375
1 0.78125 0.5166015625 0.27734375 0.220703125
4 0.697265625 0.8212890625 0.47265625 0.330078125
