2 0.1943359375 0.25 0.052734375 0.08203125
2 0.1240234375 0.3125 0.099609375 0.08203125
2 0.044921875 0.4033203125 0.0859375 0.146484375
2 0.1015625 0.375 0.0546875 0.02734375
2 0.1884765625 0.5751953125 0.091796875 0.060546875
2 0.2998046875 0.576171875 0.044921875 0.07421875
2 0.099609375 0.654296875 0.0625 0.05859375
2 0.1845703125 0.787109375 0.052734375 0.05078125
2 0.275390625 0.697265625 0.04296875 0.03515625
0 0.91015625 0.7646484375 0.0625 0.111328125
0 0.96484375 0.7734375 0.02734375 0.0703125
4 0.3017578125 0.5615234375 0.498046875 0.779296875
1 0.90625 0.8603515625 0.15234375 0.232421875
