2 0.7490234375 0.2919921875 0.099609375 0.521484375
2 0.6494140625 0.677734375 0.181640625 0.2890625
2 0.6357421875 0.146484375 0.201171875 0.2890625
4 0.3779296875 0.4970703125 0.744140625 0.974609375
2 0.3369140625 0.884765625 0.041015625 0.05078125
0 0.5849609375 0.6318359375 0.048828125 0.037109375
0 0.177734375 0.7275390625 0.05078125 0.052734375
0 0.2802734375 0.9326171875 0.048828125 0.041015625
0 0.349609375 0.9541015625 0.0546875 0.044921875
2 0.3447265625 0.3115234375 0.048828125 0.064453125
2 0.216796875 0.048828125 0.04296875 0.0390625
1 0.8857421875 0.564453125 0.201171875 0.796875
0 0.8876953125 0.09765625 0.064453125 0.03125
0 0.845703125 0.060546875 0.0546875 0.05078125
0 0.947265625 0.1767578125 0.0625 0.052734375
