2 0.15625 0.5478515625 0.296875 0.248046875
2 0.5439453125 0.6611328125 0.177734375 0.224609375
2 0.48828125 0.8515625 0.29296875 0.1171875
2 0.7685546875 0.9404296875 0.142578125 0.091796875
2 0.861328125 0.3564453125 0.05859375 0.154296875
2 0.9169921875 0.154296875 0.138671875 0.05859375
2 0.6787109375 0.333984375 0.072265625 0.0546875
2 0.390625 0.30078125 0.12890625 0.07421875
2 0.2314453125 0.08203125 0.072265625 0.0546875
2 0.060546875 0.8779296875 0.10546875 0.166015625
4 0.728515625 0.2294921875 0.44921875 0.408203125
4 0.654296875 0.69921875 0.51953125 0.39453125
