2 0.736328125 0.630859375 0.125 0.1484375
2 0.8017578125 0.5517578125 0.130859375 0.119140625
2 0.701171875 0.1923828125 0.1015625 0.126953125
2 0.083984375 0.4970703125 0.1171875 0.458984375
2 0.068359375 0.794921875 0.046875 0.0703125
2 0.0185546875 0.787109375 0.033203125 0.09765625
2 0.13671875 0.166015625 0.05078125 0.0625
2 0.060546875 0.1318359375 0.04296875 0.095703125
2 0.2470703125 0.056640625 0.099609375 0.11328125
2 0.5341796875 0.06640625 0.060546875 0.12890625
2 0.3486328125 0.16796875 0.048828125 0.09375
2 0.4306640625 0.2451171875 0.087890625 0.099609375
2 0.384765625 0.3349609375 0.04296875 0.076171875
2 0.4462890625 0.3349609375 0.041015625 0.056640625
2 0.4638671875 0.419921875 0.029296875 0.078125
2 0.62109375 0.4521484375 0.07421875 0.287109375
2 0.869140625 0.3076171875 0.04296875 0.080078125
2 0.970703125 0.375 0.04296875 0.078125
2 0.80859375 0.4013671875 0.13671875 0.119140625
2 0.48046875 0.6513671875 0.04296875 0.048828125
2 0.1484375 0.8984375 0.046875 0.03515625
2 0.16015625 0.9541015625 0.046875 0.037109375
2 0.53515625 0.318359375 0.05859375 0.24609375
2 0.4755859375 0.08984375 0.052734375 0.1171875
2 0.4248046875 0.037109375 0.029296875 0.0703125
2 0.6259765625 0.0166015625 0.060546875 0.029296875
2 0.83203125 0.1875 0.1171875 0.0859375
2 0.9423828125 0.287109375 0.080078125 0.09765625
2 0.978515625 0.5087890625 0.02734375 0.060546875
2 0.171875 0.3154296875 0.03125 0.056640625
2 0.2529296875 0.6162109375 0.037109375 0.048828125
2 0.1728515625 0.685546875 0.029296875 0.04296875
2 0.265625 0.79296875 0.03515625 0.046875
