2 0.5830078125 0.06640625 0.162109375 0.12890625
1 0.9375 0.873046875 0.07421875 0.09765625
2 0.1103515625 0.1455078125 0.091796875 0.138671875
2 0.2900390625 0.0205078125 0.099609375 0.033203125
2 0.029296875 0.74609375 0.04296875 0.18359375
0 0.177734375 0.9765625 0.04296875 0.04296875
4 0.369140625 0.4267578125 0.42578125 0.626953125
2 0.5458984375 0.36328125 0.068359375 0.3671875
0 0.923828125 0.6376953125 0.05859375 0.044921875
0 0.9072265625 0.705078125 0.056640625 0.05859375
0 0.943359375 0.7060546875 0.0234375 0.048828125
0 0.9462890625 0.7490234375 0.048828125 0.041015625
0 0.83203125 0.8486328125 0.09375 0.095703125
0 0.77734375 0.9541015625 0.0625 0.060546875
0 0.8583984375 0.9560546875 0.068359375 0.056640625
