2 0.6044921875 0.318359375 0.103515625 0.0703125
2 0.626953125 0.3916015625 0.11328125 0.048828125
2 0.8662109375 0.3173828125 0.052734375 0.080078125
2 0.7353515625 0.1455078125 0.091796875 0.033203125
2 0.3486328125 0.0439453125 0.306640625 0.080078125
2 0.1015625 0.11328125 0.0390625 0.04296875
2 0.046875 0.2021484375 0.05078125 0.111328125
2 0.037109375 0.55859375 0.0703125 0.1328125
2 0.0703125 0.8134765625 0.0625 0.166015625
2 0.125 0.7294921875 0.0390625 0.056640625
2 0.1689453125 0.916015625 0.091796875 0.078125
4 0.29296875 0.34765625 0.34765625 0.37890625
1 0.841796875 0.904296875 0.22265625 0.18359375
