2 0.5048828125 0.4755859375 0.294921875 0.361328125
2 0.8876953125 0.822265625 0.048828125 0.06640625
2 0.853515625 0.9345703125 0.06640625 0.080078125
2 0.7412109375 0.7763671875 0.162109375 0.083984375
2 0.6240234375 0.875 0.048828125 0.05859375
2 0.5224609375 0.9423828125 0.087890625 0.056640625
2 0.2294921875 0.333984375 0.056640625 0.0390625
2 0.3955078125 0.23046875 0.095703125 0.08203125
2 0.44140625 0.033203125 0.03125 0.05078125
2 0.5654296875 0.2265625 0.037109375 0.05078125
2 0.04296875 0.888671875 0.0703125 0.07421875
2 0.2900390625 0.970703125 0.041015625 0.0390625
2 0.7431640625 0.3193359375 0.083984375 0.076171875
2 0.8408203125 0.255859375 0.044921875 0.06640625
2 0.68359375 0.228515625 0.03125 0.05859375
2 0.61328125 0.0390625 0.03515625 0.0625
5 0.8974609375 0.4970703125 0.162109375 0.251953125
3 0.5234375 0.5 0.9140625 0.86328125
4 0.1787109375 0.2421875 0.337890625 0.47265625
