2 0.0654296875 0.2685546875 0.123046875 0.126953125
2 0.1669921875 0.451171875 0.091796875 0.15625
2 0.86328125 0.1552734375 0.140625 0.126953125
2 0.8720703125 0.4208984375 0.119140625 0.224609375
2 0.9619140625 0.603515625 0.068359375 0.06640625
0 0.0244140625 0.7353515625 0.033203125 0.041015625
0 0.21484375 0.5654296875 0.046875 0.037109375
0 0.091796875 0.69140625 0.05859375 0.0703125
2 0.17578125 0.6689453125 0.0859375 0.087890625
2 0.4423828125 0.029296875 0.080078125 0.0390625
4 0.68359375 0.4267578125 0.32421875 0.685546875
2 0.1796875 0.748046875 0.03125 0.04296875
2 0.763671875 0.046875 0.06640625 0.0546875
1 0.8212890625 0.900390625 0.283203125 0.171875
