4 0.4501953125 0.21875 0.517578125 0.37890625
1 0.5830078125 0.0576171875 0.279296875 0.099609375
1 0.9072265625 0.5146484375 0.166015625 0.861328125
0 0.060546875 0.6376953125 0.0546875 0.154296875
0 0.095703125 0.6123046875 0.046875 0.033203125
0 0.0859375 0.482421875 0.0390625 0.046875
0 0.0732421875 0.37890625 0.037109375 0.04296875
0 0.2119140625 0.369140625 0.142578125 0.125
0 0.2109375 0.4990234375 0.0546875 0.076171875
0 0.2548828125 0.556640625 0.048828125 0.08203125
0 0.4814453125 0.140625 0.041015625 0.03515625
0 0.451171875 0.1962890625 0.046875 0.072265625
0 0.494140625 0.248046875 0.078125 0.0546875
0 0.369140625 0.3408203125 0.04296875 0.033203125
0 0.306640625 0.392578125 0.15234375 0.09375
0 0.14453125 0.1865234375 0.04296875 0.044921875
