2 0.5615234375 0.3173828125 0.333984375 0.365234375
2 0.1640625 0.7841796875 0.328125 0.423828125
2 0.5556640625 0.8232421875 0.427734375 0.322265625
2 0.859375 0.513671875 0.13671875 0.828125
2 0.8359375 0.9765625 0.0703125 0.03515625
2 0.9521484375 0.7451171875 0.041015625 0.083984375
2 0.9501953125 0.095703125 0.041015625 0.05078125
2 0.69140625 0.0283203125 0.21484375 0.056640625
2 0.3173828125 0.1337890625 0.150390625 0.173828125
2 0.2607421875 0.41015625 0.208984375 0.1953125
2 0.0634765625 0.2197265625 0.126953125 0.357421875
2 0.07421875 0.4921875 0.140625 0.1484375
2 0.5634765625 0.5791015625 0.412109375 0.134765625
2 0.30078125 0.0234375 0.1953125 0.046875
2 0.498046875 0.4970703125 0.97265625 0.978515625
