2 0.400390625 0.498046875 0.08203125 0.0546875
2 0.4345703125 0.5869140625 0.076171875 0.095703125
2 0.3681640625 0.638671875 0.044921875 0.05078125
2 0.619140625 0.634765625 0.04296875 0.0546875
2 0.65234375 0.810546875 0.05078125 0.05859375
2 0.6005859375 0.2998046875 0.044921875 0.044921875
2 0.4208984375 0.39453125 0.064453125 0.0546875
2 0.0859375 0.3310546875 0.171875 0.041015625
2 0.017578125 0.421875 0.03125 0.09375
2 0.4208984375 0.1328125 0.087890625 0.26171875
2 0.275390625 0.2724609375 0.09765625 0.037109375
2 0.0478515625 0.599609375 0.052734375 0.125
2 0.3837890625 0.8330078125 0.130859375 0.220703125
2 0.2880859375 0.5478515625 0.056640625 0.130859375
4 0.7529296875 0.5048828125 0.462890625 0.931640625
2 0.578125 0.884765625 0.0390625 0.04296875
