2 0.6142578125 0.4794921875 0.216796875 0.201171875
2 0.9296875 0.39453125 0.12109375 0.27734375
2 0.904296875 0.6904296875 0.109375 0.177734375
2 0.6796875 0.802734375 0.0625 0.078125
2 0.7685546875 0.6162109375 0.041015625 0.052734375
2 0.439453125 0.9462890625 0.125 0.087890625
2 0.1259765625 0.5302734375 0.228515625 0.349609375
2 0.056640625 0.236328125 0.08203125 0.140625
2 0.1904296875 0.072265625 0.095703125 0.109375
5 0.814453125 0.26171875 0.2890625 0.4296875
3 0.4736328125 0.484375 0.888671875 0.89453125
