2 0.0859375 0.556640625 0.16015625 0.84765625
2 0.4794921875 0.1904296875 0.037109375 0.076171875
2 0.5244140625 0.2919921875 0.033203125 0.072265625
2 0.8798828125 0.8271484375 0.119140625 0.169921875
2 0.6669921875 0.6875 0.068359375 0.08203125
2 0.8232421875 0.4892578125 0.083984375 0.087890625
2 0.623046875 0.9169921875 0.1328125 0.158203125
2 0.115234375 0.8837890625 0.15234375 0.208984375
2 0.13671875 0.548828125 0.0859375 0.0703125
2 0.3251953125 0.4306640625 0.197265625 0.173828125
4 0.2470703125 0.1982421875 0.408203125 0.365234375
4 0.8388671875 0.453125 0.298828125 0.828125
