2 0.34375 0.77734375 0.08984375 0.078125
2 0.224609375 0.6806640625 0.0546875 0.107421875
1 0.2138671875 0.09375 0.396484375 0.17578125
5 0.712890625 0.80859375 0.06640625 0.046875
5 0.7138671875 0.8681640625 0.056640625 0.037109375
5 0.673828125 0.916015625 0.04296875 0.04296875
5 0.1513671875 0.8759765625 0.197265625 0.224609375
5 0.2080078125 0.2578125 0.080078125 0.04296875
5 0.37109375 0.275390625 0.0859375 0.07421875
5 0.65234375 0.4443359375 0.16015625 0.111328125
0 0.568359375 0.78515625 0.078125 0.12890625
0 0.4462890625 0.8310546875 0.064453125 0.107421875
0 0.4814453125 0.923828125 0.080078125 0.05078125
0 0.353515625 0.876953125 0.08984375 0.1015625
0 0.279296875 0.7646484375 0.046875 0.091796875
5 0.3955078125 0.580078125 0.072265625 0.05859375
5 0.5126953125 0.291015625 0.044921875 0.0390625
4 0.2255859375 0.5869140625 0.427734375 0.498046875
