1 0.841796875 0.8681640625 0.171875 0.232421875
2 0.6279296875 0.1181640625 0.041015625 0.048828125
2 0.703125 0.1318359375 0.05078125 0.041015625
2 0.54296875 0.13671875 0.046875 0.05078125
2 0.4990234375 0.0654296875 0.044921875 0.072265625
2 0.716796875 0.4150390625 0.04296875 0.056640625
0 0.775390625 0.2880859375 0.05078125 0.068359375
0 0.28125 0.853515625 0.05078125 0.08984375
0 0.189453125 0.8525390625 0.05078125 0.060546875
0 0.115234375 0.7421875 0.03125 0.05078125
0 0.1103515625 0.8505859375 0.037109375 0.044921875
2 0.1796875 0.0732421875 0.04296875 0.056640625
2 0.09765625 0.091796875 0.0625 0.11328125
2 0.0283203125 0.4775390625 0.052734375 0.095703125
