1 0.869140625 0.8837890625 0.25390625 0.216796875
5 0.443359375 0.6376953125 0.14453125 0.181640625
5 0.5986328125 0.3662109375 0.154296875 0.150390625
5 0.88671875 0.2490234375 0.2109375 0.412109375
5 0.5703125 0.1240234375 0.24609375 0.212890625
5 0.3759765625 0.0498046875 0.056640625 0.072265625
0 0.2392578125 0.798828125 0.201171875 0.34765625
5 0.322265625 0.9248046875 0.19921875 0.130859375
5 0.396484375 0.8291015625 0.04296875 0.056640625
0 0.0263671875 0.6044921875 0.041015625 0.111328125
0 0.087890625 0.376953125 0.046875 0.2265625
0 0.119140625 0.15625 0.03125 0.08203125
0 0.1533203125 0.2294921875 0.029296875 0.044921875
0 0.0361328125 0.251953125 0.041015625 0.12890625
4 0.123046875 0.40625 0.23828125 0.78125
3 0.8408203125 0.53125 0.283203125 0.71484375
