2 0.2578125 0.7275390625 0.1015625 0.087890625
2 0.201171875 0.7841796875 0.06640625 0.056640625
2 0.1064453125 0.689453125 0.056640625 0.08203125
2 0.18359375 0.6455078125 0.08984375 0.103515625
2 0.37890625 0.3740234375 0.06640625 0.072265625
2 0.4306640625 0.44921875 0.083984375 0.07421875
2 0.35546875 0.544921875 0.15625 0.125
2 0.2216796875 0.505859375 0.119140625 0.0859375
2 0.3037109375 0.431640625 0.072265625 0.0703125
2 0.6396484375 0.72265625 0.087890625 0.1171875
2 0.6533203125 0.51171875 0.095703125 0.25
2 0.5634765625 0.1767578125 0.189453125 0.103515625
2 0.6298828125 0.2900390625 0.095703125 0.119140625
2 0.5322265625 0.373046875 0.080078125 0.0859375
2 0.5380859375 0.556640625 0.095703125 0.13671875
2 0.4736328125 0.6806640625 0.068359375 0.052734375
2 0.5244140625 0.9052734375 0.064453125 0.072265625
2 0.7587890625 0.9609375 0.095703125 0.0625
2 0.9501953125 0.7119140625 0.091796875 0.259765625
2 0.4619140625 0.98046875 0.048828125 0.03125
2 0.0400390625 0.62890625 0.033203125 0.046875
2 0.3505859375 0.0439453125 0.572265625 0.076171875
2 0.7890625 0.07421875 0.125 0.125
4 0.7587890625 0.521484375 0.455078125 0.91796875
