5 0.3837890625 0.2109375 0.146484375 0.21875
5 0.396484375 0.81640625 0.26171875 0.33203125
5 0.8798828125 0.6708984375 0.123046875 0.251953125
2 0.9296875 0.365234375 0.1171875 0.2109375
2 0.8642578125 0.134765625 0.056640625 0.078125
2 0.166015625 0.888671875 0.296875 0.1953125
0 0.05859375 0.1865234375 0.08203125 0.201171875
5 0.5859375 0.0634765625 0.08203125 0.076171875
0 0.2373046875 0.0439453125 0.056640625 0.037109375
0 0.0654296875 0.333984375 0.048828125 0.0546875
4 0.8623046875 0.23828125 0.248046875 0.42578125
