0 0.7158203125 0.54296875 0.037109375 0.12109375
0 0.9443359375 0.14453125 0.068359375 0.0859375
0 0.5986328125 0.05859375 0.041015625 0.046875
0 0.91796875 0.8984375 0.0625 0.078125
0 0.638671875 0.970703125 0.02734375 0.05078125
0 0.990234375 0.6318359375 0.015625 0.091796875
2 0.7158203125 0.9794921875 0.052734375 0.033203125
2 0.833984375 0.375 0.046875 0.03515625
0 0.01953125 0.818359375 0.02734375 0.04296875
4 0.3154296875 0.6005859375 0.615234375 0.693359375
0 0.7001953125 0.896484375 0.080078125 0.0546875
