0 0.8310546875 0.50390625 0.041015625 0.0390625
0 0.5439453125 0.5966796875 0.041015625 0.048828125
0 0.376953125 0.0205078125 0.046875 0.029296875
0 0.5205078125 0.396484375 0.041015625 0.05078125
0 0.2841796875 0.0966796875 0.029296875 0.044921875
1 0.2373046875 0.908203125 0.330078125 0.16796875
0 0.65234375 0.67578125 0.11328125 0.08984375
0 0.76171875 0.5673828125 0.11328125 0.064453125
0 0.76953125 0.6279296875 0.0703125 0.064453125
0 0.6474609375 0.810546875 0.095703125 0.03515625
0 0.595703125 0.9013671875 0.08203125 0.064453125
0 0.0400390625 0.87890625 0.064453125 0.08984375
