2 0.5439453125 0.4345703125 0.060546875 0.072265625
2 0.7099609375 0.228515625 0.099609375 0.09765625
2 0.595703125 0.5166015625 0.07421875 0.068359375
2 0.5751953125 0.7861328125 0.052734375 0.083984375
2 0.4384765625 0.7177734375 0.044921875 0.080078125
2 0.33203125 0.837890625 0.09765625 0.16796875
2 0.1875 0.330078125 0.2578125 0.33984375
2 0.27734375 0.13671875 0.23828125 0.23828125
2 0.4931640625 0.3037109375 0.138671875 0.158203125
2 0.912109375 0.4501953125 0.12109375 0.169921875
2 0.755859375 0.4892578125 0.0625 0.048828125
2 0.8134765625 0.4443359375 0.037109375 0.041015625
2 0.8134765625 0.5703125 0.095703125 0.0859375
2 0.7236328125 0.611328125 0.087890625 0.19140625
2 0.8759765625 0.783203125 0.072265625 0.12890625
2 0.9033203125 0.6259765625 0.076171875 0.056640625
