0 0.2685546875 0.333984375 0.224609375 0.15234375
0 0.375 0.54296875 0.41015625 0.3125
0 0.5859375 0.3115234375 0.07421875 0.056640625
0 0.4169921875 0.083984375 0.068359375 0.08203125
0 0.7578125 0.3095703125 0.15234375 0.072265625
0 0.8837890625 0.310546875 0.056640625 0.0390625
0 0.9404296875 0.3291015625 0.041015625 0.095703125
0 0.923828125 0.4462890625 0.09765625 0.177734375
0 0.9873046875 0.3818359375 0.017578125 0.103515625
0 0.8876953125 0.0615234375 0.041015625 0.048828125
0 0.8779296875 0.134765625 0.048828125 0.0546875
0 0.9287109375 0.1005859375 0.021484375 0.041015625
0 0.9619140625 0.1611328125 0.029296875 0.064453125
0 0.9462890625 0.8564453125 0.017578125 0.056640625
