2 0.7802734375 0.435546875 0.423828125 0.46875
2 0.931640625 0.18359375 0.11328125 0.26953125
2 0.763671875 0.185546875 0.0703125 0.125
2 0.4892578125 0.3779296875 0.189453125 0.220703125
2 0.064453125 0.8037109375 0.12109375 0.158203125
2 0.1884765625 0.93359375 0.138671875 0.109375
2 0.4521484375 0.7841796875 0.072265625 0.060546875
2 0.26953125 0.7529296875 0.125 0.064453125
2 0.2841796875 0.802734375 0.087890625 0.0625
2 0.4853515625 0.73046875 0.095703125 0.0625
2 0.201171875 0.3525390625 0.390625 0.681640625
