2 0.345703125 0.7412109375 0.17578125 0.357421875
2 0.197265625 0.91015625 0.125 0.109375
2 0.1259765625 0.576171875 0.236328125 0.25390625
2 0.2392578125 0.314453125 0.173828125 0.2890625
2 0.0712890625 0.3447265625 0.130859375 0.232421875
2 0.4833984375 0.2353515625 0.091796875 0.095703125
2 0.927734375 0.4423828125 0.09765625 0.107421875
2 0.96484375 0.666015625 0.046875 0.046875
2 0.9248046875 0.724609375 0.134765625 0.08203125
4 0.306640625 0.947265625 0.2890625 0.09765625
4 0.6943359375 0.8515625 0.462890625 0.28125
