0 0.255859375 0.3896484375 0.0234375 0.044921875
0 0.4482421875 0.4873046875 0.033203125 0.041015625
0 0.3720703125 0.146484375 0.041015625 0.0390625
0 0.322265625 0.1513671875 0.04296875 0.041015625
0 0.98046875 0.2353515625 0.03125 0.068359375
0 0.9345703125 0.7080078125 0.068359375 0.048828125
0 0.234375 0.6279296875 0.05078125 0.072265625
0 0.07421875 0.2197265625 0.0546875 0.072265625
0 0.59765625 0.2626953125 0.02734375 0.041015625
0 0.1044921875 0.4541015625 0.041015625 0.052734375
0 0.3046875 0.404296875 0.01953125 0.078125
0 0.857421875 0.7724609375 0.02734375 0.044921875
0 0.708984375 0.009765625 0.04296875 0.01953125
0 0.28125 0.0087890625 0.0625 0.017578125
0 0.16796875 0.2255859375 0.03515625 0.044921875
0 0.7138671875 0.76953125 0.052734375 0.04296875
0 0.75 0.619140625 0.1015625 0.109375
0 0.5810546875 0.5166015625 0.048828125 0.033203125
0 0.5068359375 0.6015625 0.041015625 0.02734375
0 0.6591796875 0.6494140625 0.044921875 0.041015625
0 0.8759765625 0.232421875 0.041015625 0.046875
0 0.9912109375 0.69140625 0.013671875 0.04296875
3 0.568359375 0.8662109375 0.3671875 0.232421875
