0 0.3095703125 0.23046875 0.029296875 0.046875
0 0.3583984375 0.294921875 0.044921875 0.05078125
0 0.4345703125 0.376953125 0.064453125 0.078125
0 0.029296875 0.8095703125 0.05859375 0.130859375
2 0.935546875 0.7392578125 0.10546875 0.162109375
2 0.828125 0.927734375 0.12109375 0.12109375
1 0.8232421875 0.9580078125 0.126953125 0.064453125
2 0.078125 0.4580078125 0.125 0.123046875
2 0.3916015625 0.9736328125 0.048828125 0.037109375
3 0.419921875 0.5830078125 0.24609375 0.513671875
2 0.4287109375 0.556640625 0.224609375 0.45703125
