2 0.7890625 0.328125 0.40625 0.45703125
2 0.7236328125 0.08203125 0.494140625 0.16015625
2 0.83203125 0.7041015625 0.3203125 0.294921875
2 0.564453125 0.84765625 0.2734375 0.30078125
2 0.283203125 0.51953125 0.19140625 0.2109375
2 0.259765625 0.07421875 0.33984375 0.14453125
2 0.0703125 0.212890625 0.13671875 0.15234375
2 0.0771484375 0.498046875 0.150390625 0.20703125
2 0.111328125 0.7177734375 0.22265625 0.333984375
2 0.22265625 0.94140625 0.33203125 0.09765625
2 0.326171875 0.7763671875 0.16796875 0.212890625
2 0.4716796875 0.3232421875 0.103515625 0.123046875
