2 0.46484375 0.5927734375 0.21875 0.580078125
2 0.0537109375 0.396484375 0.103515625 0.11328125
2 0.1376953125 0.599609375 0.267578125 0.34765625
2 0.10546875 0.8203125 0.140625 0.06640625
2 0.048828125 0.88671875 0.09375 0.10546875
2 0.326171875 0.64453125 0.2109375 0.265625
2 0.5 0.9736328125 0.05078125 0.041015625
2 0.6953125 0.9599609375 0.046875 0.041015625
2 0.9755859375 0.642578125 0.041015625 0.296875
2 0.3564453125 0.974609375 0.068359375 0.0390625
2 0.28125 0.3583984375 0.1328125 0.134765625
5 0.166015625 0.1494140625 0.2890625 0.220703125
