2 0.208984375 0.357421875 0.17578125 0.26171875
2 0.4677734375 0.7119140625 0.302734375 0.556640625
2 0.099609375 0.603515625 0.09375 0.17578125
0 0.103515625 0.7880859375 0.125 0.072265625
0 0.8896484375 0.3544921875 0.107421875 0.189453125
2 0.958984375 0.267578125 0.05859375 0.10546875
2 0.5888671875 0.0869140625 0.072265625 0.076171875
2 0.6826171875 0.0986328125 0.072265625 0.068359375
2 0.8447265625 0.638671875 0.099609375 0.13671875
4 0.25 0.544921875 0.484375 0.86328125
1 0.86328125 0.857421875 0.26953125 0.26953125
