0 0.5380859375 0.720703125 0.064453125 0.0625
0 0.7431640625 0.0625 0.091796875 0.08984375
0 0.380859375 0.439453125 0.04296875 0.04296875
0 0.3486328125 0.1279296875 0.076171875 0.076171875
0 0.255859375 0.5283203125 0.10546875 0.099609375
2 0.158203125 0.912109375 0.265625 0.16796875
2 0.095703125 0.2890625 0.05859375 0.06640625
2 0.9619140625 0.1484375 0.044921875 0.05078125
2 0.9765625 0.3115234375 0.04296875 0.201171875
2 0.87890625 0.0625 0.0390625 0.11328125
4 0.16796875 0.62890625 0.3125 0.41796875
