2 0.7333984375 0.48046875 0.197265625 0.15234375
2 0.767578125 0.3515625 0.4296875 0.48046875
2 0.3701171875 0.2431640625 0.287109375 0.177734375
2 0.2626953125 0.189453125 0.517578125 0.33203125
2 0.4677734375 0.875 0.052734375 0.0703125
2 0.6064453125 0.880859375 0.123046875 0.13671875
2 0.470703125 0.9599609375 0.05859375 0.060546875
2 0.3583984375 0.9462890625 0.123046875 0.083984375
2 0.20703125 0.71875 0.05859375 0.05078125
2 0.2158203125 0.7783203125 0.072265625 0.056640625
2 0.2705078125 0.8466796875 0.056640625 0.068359375
2 0.3603515625 0.8486328125 0.068359375 0.060546875
2 0.2109375 0.8828125 0.08203125 0.0859375
2 0.1162109375 0.7392578125 0.048828125 0.037109375
2 0.16015625 0.798828125 0.04296875 0.046875
2 0.12890625 0.5703125 0.0546875 0.07421875
2 0.8544921875 0.9296875 0.041015625 0.05078125
2 0.806640625 0.81640625 0.04296875 0.05859375
2 0.73046875 0.8916015625 0.10546875 0.107421875
2 0.4091796875 0.6318359375 0.048828125 0.056640625
2 0.6044921875 0.5126953125 0.033203125 0.048828125
5 0.1328125 0.947265625 0.08984375 0.08984375
5 0.09375 0.837890625 0.11328125 0.078125
5 0.0556640625 0.6611328125 0.099609375 0.216796875
5 0.060546875 0.4052734375 0.11328125 0.099609375
