0 0.8173828125 0.5390625 0.068359375 0.09375
0 0.0234375 0.3271484375 0.0390625 0.052734375
0 0.5068359375 0.916015625 0.033203125 0.0546875
0 0.25390625 0.9638671875 0.0546875 0.060546875
0 0.1240234375 0.91015625 0.052734375 0.06640625
2 0.0732421875 0.576171875 0.056640625 0.0859375
2 0.0654296875 0.873046875 0.044921875 0.0703125
2 0.1875 0.9287109375 0.05078125 0.052734375
2 0.1875 0.9755859375 0.0859375 0.033203125
2 0.59375 0.34765625 0.078125 0.09375
2 0.4794921875 0.232421875 0.041015625 0.08984375
2 0.1171875 0.2587890625 0.05078125 0.068359375
2 0.015625 0.50390625 0.02734375 0.15234375
2 0.408203125 0.8076171875 0.0625 0.041015625
2 0.55859375 0.8212890625 0.046875 0.044921875
0 0.826171875 0.849609375 0.05859375 0.0859375
0 0.544921875 0.412109375 0.05078125 0.04296875
0 0.5224609375 0.4599609375 0.041015625 0.044921875
0 0.4111328125 0.560546875 0.041015625 0.04296875
4 0.2939453125 0.5927734375 0.158203125 0.146484375
2 0.10546875 0.3662109375 0.046875 0.041015625
1 0.7548828125 0.45703125 0.083984375 0.0703125
1 0.4326171875 0.939453125 0.173828125 0.09375
