0 0.84765625 0.7001953125 0.14453125 0.123046875
0 0.849609375 0.587890625 0.05859375 0.0859375
0 0.8583984375 0.376953125 0.037109375 0.09375
0 0.7099609375 0.62109375 0.095703125 0.06640625
0 0.66015625 0.8818359375 0.1640625 0.146484375
0 0.6298828125 0.6845703125 0.056640625 0.052734375
2 0.58984375 0.2841796875 0.04296875 0.080078125
2 0.6640625 0.3037109375 0.03125 0.072265625
2 0.73046875 0.0302734375 0.0546875 0.060546875
2 0.1767578125 0.05078125 0.064453125 0.046875
2 0.3740234375 0.3232421875 0.072265625 0.099609375
2 0.43359375 0.462890625 0.05859375 0.12109375
4 0.294921875 0.498046875 0.37890625 0.58203125
