5 0.3212890625 0.662109375 0.193359375 0.22265625
5 0.853515625 0.6845703125 0.10546875 0.244140625
5 0.5419921875 0.9150390625 0.134765625 0.083984375
2 0.052734375 0.80078125 0.09375 0.1015625
2 0.109375 0.9443359375 0.078125 0.087890625
2 0.1513671875 0.052734375 0.138671875 0.08984375
0 0.1767578125 0.3115234375 0.162109375 0.091796875
0 0.392578125 0.1494140625 0.07421875 0.080078125
0 0.5302734375 0.3515625 0.052734375 0.06640625
0 0.744140625 0.3388671875 0.05859375 0.087890625
2 0.9599609375 0.2275390625 0.048828125 0.076171875
