0 0.94140625 0.349609375 0.04296875 0.09765625
0 0.9150390625 0.7294921875 0.048828125 0.087890625
0 0.6708984375 0.8671875 0.041015625 0.046875
0 0.6376953125 0.033203125 0.185546875 0.05859375
0 0.45703125 0.078125 0.046875 0.04296875
0 0.7431640625 0.099609375 0.037109375 0.0546875
0 0.3564453125 0.0380859375 0.044921875 0.037109375
0 0.3271484375 0.4990234375 0.072265625 0.072265625
2 0.09375 0.572265625 0.16015625 0.12109375
2 0.755859375 0.900390625 0.046875 0.03515625
2 0.771484375 0.8447265625 0.03515625 0.044921875
2 0.7236328125 0.7109375 0.056640625 0.14453125
2 0.5654296875 0.1669921875 0.048828125 0.033203125
0 0.6162109375 0.41015625 0.119140625 0.0546875
4 0.2197265625 0.634765625 0.369140625 0.40234375
