2 0.205078125 0.2529296875 0.0546875 0.048828125
2 0.2802734375 0.064453125 0.119140625 0.10546875
2 0.048828125 0.18359375 0.0234375 0.04296875
2 0.0888671875 0.4765625 0.060546875 0.078125
2 0.1552734375 0.208984375 0.048828125 0.04296875
0 0.1123046875 0.8115234375 0.056640625 0.083984375
0 0.251953125 0.53125 0.0390625 0.05078125
0 0.7353515625 0.1416015625 0.029296875 0.052734375
0 0.048828125 0.8212890625 0.0390625 0.056640625
0 0.1689453125 0.96484375 0.037109375 0.05078125
1 0.7392578125 0.9609375 0.134765625 0.0703125
2 0.4609375 0.5146484375 0.04296875 0.201171875
4 0.57421875 0.392578125 0.37890625 0.53125
2 0.423828125 0.322265625 0.04296875 0.16796875
