2 0.5546875 0.1103515625 0.4375 0.205078125
2 0.8857421875 0.31640625 0.177734375 0.19921875
0 0.56640625 0.869140625 0.03515625 0.0859375
2 0.4326171875 0.919921875 0.060546875 0.0859375
2 0.4580078125 0.8359375 0.060546875 0.05078125
2 0.3125 0.833984375 0.05078125 0.05078125
2 0.2998046875 0.7294921875 0.037109375 0.044921875
2 0.2646484375 0.748046875 0.037109375 0.046875
2 0.2724609375 0.57421875 0.068359375 0.04296875
2 0.513671875 0.61328125 0.04296875 0.0625
5 0.111328125 0.6689453125 0.046875 0.138671875
5 0.1923828125 0.7900390625 0.060546875 0.099609375
5 0.1650390625 0.876953125 0.033203125 0.0703125
5 0.212890625 0.8779296875 0.03515625 0.041015625
5 0.1953125 0.923828125 0.03515625 0.046875
5 0.10546875 0.3974609375 0.171875 0.123046875
5 0.4287109375 0.3232421875 0.220703125 0.185546875
0 0.6923828125 0.8779296875 0.048828125 0.095703125
0 0.7197265625 0.8095703125 0.037109375 0.052734375
0 0.6494140625 0.8740234375 0.017578125 0.044921875
0 0.4580078125 0.5380859375 0.037109375 0.048828125
4 0.4951171875 0.67578125 0.943359375 0.59765625
5 0.134765625 0.80078125 0.16796875 0.3671875
