0 0.314453125 0.34375 0.140625 0.125
2 0.458984375 0.21875 0.1640625 0.19140625
2 0.2216796875 0.3857421875 0.087890625 0.068359375
2 0.1904296875 0.2333984375 0.357421875 0.451171875
0 0.0888671875 0.90234375 0.076171875 0.07421875
1 0.1201171875 0.2783203125 0.177734375 0.263671875
0 0.923828125 0.2060546875 0.12890625 0.283203125
5 0.5830078125 0.953125 0.095703125 0.08203125
4 0.732421875 0.3994140625 0.453125 0.771484375
5 0.267578125 0.6513671875 0.07421875 0.064453125
5 0.3916015625 0.6513671875 0.064453125 0.048828125
5 0.6435546875 0.669921875 0.060546875 0.0625
5 0.708984375 0.6728515625 0.046875 0.068359375
