0 0.8154296875 0.4677734375 0.142578125 0.224609375
0 0.8720703125 0.24609375 0.134765625 0.10546875
0 0.6630859375 0.03125 0.103515625 0.05078125
0 0.427734375 0.1259765625 0.05859375 0.072265625
0 0.1494140625 0.3974609375 0.072265625 0.111328125
0 0.3486328125 0.2421875 0.068359375 0.046875
0 0.4814453125 0.4609375 0.080078125 0.05078125
0 0.3896484375 0.6279296875 0.064453125 0.091796875
0 0.1767578125 0.6328125 0.041015625 0.046875
0 0.1376953125 0.76953125 0.060546875 0.0625
0 0.7255859375 0.7421875 0.103515625 0.09765625
0 0.7802734375 0.64453125 0.060546875 0.06640625
0 0.927734375 0.80859375 0.0546875 0.078125
0 0.6240234375 0.5166015625 0.052734375 0.044921875
0 0.5732421875 0.6005859375 0.064453125 0.056640625
0 0.5400390625 0.6875 0.060546875 0.078125
5 0.6552734375 0.9033203125 0.162109375 0.162109375
5 0.28125 0.958984375 0.11328125 0.0625
4 0.197265625 0.1337890625 0.375 0.236328125
