2 0.849609375 0.9091796875 0.05078125 0.123046875
2 0.7763671875 0.310546875 0.080078125 0.1328125
2 0.900390625 0.3583984375 0.04296875 0.095703125
2 0.2392578125 0.4892578125 0.455078125 0.978515625
2 0.552734375 0.5546875 0.078125 0.28125
2 0.6591796875 0.205078125 0.076171875 0.1953125
2 0.7958984375 0.111328125 0.177734375 0.21875
2 0.7705078125 0.5517578125 0.111328125 0.197265625
2 0.951171875 0.546875 0.078125 0.16796875
2 0.6708984375 0.84375 0.037109375 0.1015625
2 0.736328125 0.90234375 0.0703125 0.078125
2 0.6484375 0.4638671875 0.09765625 0.208984375
2 0.830078125 0.7177734375 0.03515625 0.111328125
2 0.9794921875 0.83203125 0.025390625 0.05078125
2 0.9091796875 0.8759765625 0.072265625 0.056640625
2 0.5322265625 0.185546875 0.044921875 0.0859375
