2 0.6494140625 0.58203125 0.228515625 0.171875
2 0.794921875 0.7099609375 0.12109375 0.107421875
2 0.6123046875 0.837890625 0.037109375 0.10546875
2 0.4775390625 0.5625 0.091796875 0.12890625
2 0.16796875 0.3349609375 0.203125 0.251953125
2 0.28125 0.515625 0.0546875 0.0625
2 0.4150390625 0.1953125 0.173828125 0.359375
2 0.6123046875 0.16015625 0.166015625 0.3046875
2 0.806640625 0.373046875 0.05859375 0.078125
2 0.9248046875 0.3349609375 0.064453125 0.103515625
2 0.119140625 0.7529296875 0.234375 0.439453125
5 0.412109375 0.275390625 0.109375 0.1328125
5 0.14453125 0.306640625 0.1171875 0.1484375
5 0.2529296875 0.4765625 0.142578125 0.1875
