3 0.4990234375 0.4990234375 0.994140625 0.994140625
4 0.470703125 0.4052734375 0.57421875 0.591796875
2 0.4462890625 0.3779296875 0.041015625 0.060546875
2 0.2001953125 0.62109375 0.111328125 0.13671875
2 0.7177734375 0.515625 0.076171875 0.1953125
2 0.6201171875 0.64453125 0.130859375 0.09375
2 0.5263671875 0.7314453125 0.060546875 0.119140625
2 0.373046875 0.7080078125 0.2265625 0.072265625
2 0.21875 0.2783203125 0.06640625 0.083984375
2 0.7060546875 0.2900390625 0.185546875 0.111328125
2 0.7578125 0.6953125 0.1171875 0.20703125
