3 0.5074128984432913 0.5097312326227988 0.9629355077835434 0.8897126969416126
0 0.7294292068198666 0.1876737720111214 0.03558191252779837 0.05097312326227989
0 0.7086730911786508 0.22381835032437442 0.04002965159377316 0.05838739573679333
0 0.6679021497405485 0.26830398517145504 0.03261675315048184 0.05468025949953661
0 0.6438102297998517 0.2849860982391103 0.02742772424017791 0.056533827618164965
0 0.5934025203854707 0.35217794253938833 0.025945144551519646 0.04077849860982391
0 0.550407709414381 0.3957367933271548 0.04670126019273536 0.06672845227062095
0 0.17828020756115642 0.4823911028730306 0.03187546330615271 0.07136237256719184
0 0.2149740548554485 0.48424467099165897 0.01630837657524092 0.030583873957367932
0 0.20830244625648628 0.541241890639481 0.020756115641215715 0.042632066728452274
0 0.2557449962935508 0.5018535681186284 0.03261675315048184 0.07692307692307693
0 0.040770941438102296 0.4592215013901761 0.07412898443291327 0.08063021316033364
0 0.02001482579688658 0.7205746061167748 0.01630837657524092 0.037998146431881374
0 0.03446997776130467 0.7659870250231696 0.012601927353595256 0.05282669138090825
0 0.0904373610081542 0.7136237256719185 0.0340993328391401 0.027803521779425393
0 0.15752409191994068 0.7187210379981465 0.025945144551519646 0.05097312326227989
0 0.19903632320237213 0.7455977757182577 0.015567086730911787 0.03243744207599629
0 0.1300963676797628 0.5477293790546802 0.014084507042253521 0.03892493049119555
0 0.12120088954781319 0.5792400370713624 0.012601927353595256 0.033364226135310475
0 0.1278724981467754 0.6107506950880445 0.01111934766493699 0.04633920296570899
0 0.1541882876204596 0.6204819277108434 0.013343217197924388 0.04170528266913809
0 0.15381764269829504 0.5597775718257646 0.02001482579688658 0.04077849860982391
0 0.048183839881393624 0.6589434661723819 0.020756115641215715 0.033364226135310475
0 0.07746478873239436 0.829935125115848 0.033358042994810974 0.11214087117701575
0 0.08117123795404003 0.8943466172381835 0.03039288361749444 0.05931417979610751
0 0.11638250555967383 0.9425393883225208 0.04447739065974796 0.07043558850787766
0 0.11823573017049667 0.7854494902687674 0.028910303928836176 0.06209453197405004
0 0.13120830244625648 0.8521779425393883 0.04002965159377316 0.06580166821130677
0 0.1682727946627131 0.9341983317886933 0.04744255003706449 0.05560704355885079
0 0.21015567086730913 0.9003707136237257 0.039288361749444035 0.08063021316033364
0 0.16938472942920682 0.788693234476367 0.01111934766493699 0.03521779425393883
0 0.18124536693847293 0.7701575532900834 0.01111934766493699 0.024096385542168676
0 0.19570051890289103 0.8012048192771084 0.01630837657524092 0.03429101019462465
0 0.21460340993328392 0.8243744207599629 0.015567086730911787 0.037998146431881374
0 0.4369903632320237 0.8730305838739574 0.04225352112676056 0.08341056533827618
0 0.4877687175685693 0.8860055607043559 0.020756115641215715 0.04633920296570899
0 0.3865826538176427 0.8721037998146431 0.01704966641957005 0.042632066728452274
0 0.513713862120089 0.8591288229842446 0.017790956263899184 0.03707136237256719
0 0.5315048183839881 0.8929564411492122 0.013343217197924388 0.03429101019462465
0 0.5441067457375834 0.9323447636700649 0.010378057820607857 0.033364226135310475
0 0.5659747961452928 0.938368860055607 0.028910303928836176 0.026876737720111215
0 0.6178650852483321 0.93790546802595 0.01704966641957005 0.022242817423540315
0 0.5181616011860638 0.8229842446709916 0.014825796886582653 0.03521779425393883
0 0.5348406226834692 0.8336422613531047 0.018532246108228317 0.03985171455050973
0 0.5593031875463306 0.8554216867469879 0.02001482579688658 0.03151065801668211
0 0.600815418828762 0.6742354031510658 0.01704966641957005 0.037998146431881374
0 0.6134173461823573 0.6862835959221502 0.015567086730911787 0.03429101019462465
0 0.8421052631578947 0.6918443002780352 0.02223869532987398 0.047265987025023166
0 0.829873980726464 0.7553290083410565 0.02001482579688658 0.05004633920296571
0 0.815418828762046 0.8470806302131604 0.01630837657524092 0.033364226135310475
0 0.9065974796145293 0.7831325301204819 0.05782060785767235 0.11492122335495829
0 0.91882876204596 0.7159406858202039 0.018532246108228317 0.030583873957367932
0 0.9321719792438844 0.7080630213160334 0.021497405485544848 0.033364226135310475
0 0.8354336545589326 0.8591288229842446 0.01927353595255745 0.018535681186283594
0 0.8413639733135656 0.9485634847080631 0.02223869532987398 0.03243744207599629
0 0.823943661971831 0.9851714550509731 0.022979985174203115 0.011121408711770158
0 0.8995552260934025 0.44763670064874883 0.0452186805040771 0.05560704355885079
0 0.8558191252779836 0.46246524559777574 0.02446256486286138 0.03521779425393883
0 0.8335804299481097 0.5041705282669138 0.01704966641957005 0.025949953660797033
0 0.8543365455893255 0.5227062094531975 0.014084507042253521 0.025949953660797033
0 0.9403261675315048 0.47775718257645966 0.015567086730911787 0.026876737720111215
0 0.9666419570051891 0.5458758109360519 0.013343217197924388 0.033364226135310475
0 0.9740548554484804 0.3938832252085264 0.011860637509266123 0.027803521779425393
0 0.9788732394366197 0.3697868396663577 0.01111934766493699 0.020389249304911955
4 0.4314306893995552 0.05792400370713624 0.2357301704966642 0.09545875810936053
5 0.19125277983691624 0.35542168674698793 0.2520385470719051 0.19184430027803523
5 0.2909562638991846 0.5236329935125116 0.061527057079318014 0.18164967562557924
