4 0.1430689399555226 0.6047265987025023 0.2535211267605634 0.6348470806302131
0 0.02223869532987398 0.5125115848007414 0.023721275018532245 0.03892493049119555
0 0.04966641957005189 0.5440222428174235 0.023721275018532245 0.04077849860982391
0 0.039288361749444035 0.7381835032437442 0.05782060785767235 0.14550509731232622
0 0.11415863602668644 0.1380908248378128 0.08895478131949593 0.11677479147358666
5 0.6927353595255745 0.293790546802595 0.24388435878428466 0.2428174235403151
5 0.6819866567828021 0.7599629286376274 0.167531504818384 0.468952734012975
5 0.8243143068939955 0.6742354031510658 0.13936249073387694 0.13994439295644115
0 0.8795404002965159 0.7933271547729379 0.025945144551519646 0.05931417979610751
0 0.9036323202372127 0.8480074142724745 0.02223869532987398 0.0778498609823911
0 0.876945885841364 0.9253938832252085 0.023721275018532245 0.08063021316033364
0 0.8317272053372868 0.9675625579240037 0.017790956263899184 0.042632066728452274
0 0.7175685693106004 0.9198331788693235 0.03261675315048184 0.12882298424467098
0 0.5637509266123054 0.9499536607970342 0.02742772424017791 0.03707136237256719
3 0.7023721275018532 0.2849860982391103 0.2765011119347665 0.34754402224281744
3 0.7524091919940696 0.7400370713623726 0.34988880652335064 0.4606116774791474
