4 0.9047442550037065 0.48980537534754404 0.17123795404002964 0.953660797034291
1 0.014455151964418088 0.747451343836886 0.02446256486286138 0.14735866543095458
1 0.2798369162342476 0.9063948100092678 0.513713862120089 0.1835032437442076
0 0.19088213491475167 0.711306765523633 0.0452186805040771 0.060240963855421686
0 0.21200889547813195 0.7933271547729379 0.07412898443291327 0.09453197405004633
0 0.2872498146775389 0.8137164040778498 0.021497405485544848 0.03521779425393883
0 0.09822090437361009 0.7103799814643188 0.04966641957005189 0.06209453197405004
0 0.04262416604892513 0.293790546802595 0.028910303928836176 0.04819277108433735
0 0.09710896960711639 0.32252085264133457 0.03261675315048184 0.03892493049119555
0 0.1486286137879911 0.5064874884151993 0.02742772424017791 0.05468025949953661
0 0.656412157153447 0.8118628359592215 0.02001482579688658 0.025949953660797033
0 0.6812453669384729 0.8025949953660797 0.023721275018532245 0.024096385542168676
5 0.6730911786508524 0.8044485634847081 0.037064492216456635 0.03707136237256719
5 0.3687916975537435 0.3035217794253939 0.02001482579688658 0.025023169601482854
0 0.37286879169755377 0.30537534754402224 0.020756115641215715 0.028730305838739572
0 0.8339510748702743 0.4045412418906395 0.010378057820607857 0.025023169601482854
0 0.8269088213491476 0.4680259499536608 0.02446256486286138 0.042632066728452274
0 0.8046701260192736 0.5491195551436515 0.028910303928836176 0.05097312326227989
0 0.7846553002223869 0.26830398517145504 0.021497405485544848 0.03429101019462465
5 0.91882876204596 0.16311399443929564 0.09562638991845812 0.14272474513438368
5 0.8302446256486287 0.0319740500463392 0.020756115641215715 0.03429101019462465
3 0.44366197183098594 0.5514365152919369 0.5700518902891031 0.44670991658943465
