2 0.9150390625 0.09765625 0.037109375 0.0625
2 0.0419921875 0.1728515625 0.056640625 0.080078125
2 0.111328125 0.19140625 0.046875 0.04296875
2 0.1083984375 0.23828125 0.044921875 0.046875
2 0.1650390625 0.2109375 0.048828125 0.0625
2 0.224609375 0.2109375 0.0390625 0.05859375
2 0.2421875 0.8974609375 0.0703125 0.060546875
2 0.3388671875 0.9013671875 0.080078125 0.095703125
2 0.49609375 0.935546875 0.0625 0.05078125
2 0.2158203125 0.06640625 0.044921875 0.03515625
2 0.1484375 0.0361328125 0.04296875 0.052734375
2 0.3857421875 0.076171875 0.037109375 0.046875
1 0.8203125 0.8974609375 0.2421875 0.197265625
3 0.7265625 0.7978515625 0.53515625 0.388671875
5 0.6513671875 0.1865234375 0.044921875 0.037109375
4 0.29296875 0.4833984375 0.33984375 0.353515625
