1 0.6971830985915493 0.727062094531974 0.24388435878428466 0.16404077849860982
3 0.8395107487027428 0.39156626506024095 0.2765011119347665 0.42168674698795183
3 0.8283914010378057 0.8804448563484708 0.2112676056338028 0.1556997219647822
0 0.38176426982950334 0.3924930491195551 0.02223869532987398 0.03614457831325301
0 0.3250555967383247 0.2965708989805375 0.022979985174203115 0.04633920296570899
0 0.3220904373610082 0.42539388322520855 0.039288361749444035 0.04633920296570899
0 0.21200889547813195 0.5704355885078777 0.1156412157153447 0.0732159406858202
0 0.2346182357301705 0.7025023169601483 0.028910303928836176 0.05375347544022243
0 0.36249073387694586 0.6770157553290084 0.0385470719051149 0.10472659870250231
0 0.34951816160118604 0.025023169601482854 0.025945144551519646 0.04077849860982391
0 0.3535952557449963 0.14504170528266913 0.0340993328391401 0.03429101019462465
0 0.3031875463306153 0.20528266913809082 0.020756115641215715 0.037998146431881374
2 0.024091919940696812 0.9490268767377201 0.04670126019273536 0.09453197405004633
