3 0.42661230541141587 0.5083410565338277 0.6916234247590808 0.881371640407785
0 0.9377316530763529 0.5820203892493049 0.08154188287620459 0.29842446709916587
0 0.9573758339510748 0.3076923076923077 0.0452186805040771 0.05931417979610751
0 0.9006671608598962 0.0732159406858202 0.056338028169014086 0.09823911028730306
0 0.7431430689399555 0.038461538461538464 0.08969607116382505 0.06765523632993513
0 0.4503335804299481 0.05560704355885079 0.09117865085248332 0.07970342910101946
0 0.5340993328391401 0.026413345690454126 0.0452186805040771 0.047265987025023166
0 0.28465530022238694 0.056070435588507876 0.12157153446997776 0.09731232622798888
0 0.18421052631578946 0.06672845227062095 0.11045218680504076 0.1056533827618165
0 0.06226834692364715 0.19138090824837814 0.11712379540400296 0.27340129749768305
0 0.06486286137879911 0.3994439295644115 0.08821349147516679 0.14272474513438368
0 0.04151223128243143 0.4986098239110287 0.08154188287620459 0.19647822057460612
0 0.025203854707190512 0.7534754402224282 0.04892512972572276 0.1686746987951807
0 0.1682727946627131 0.19508804448563485 0.05337286879169755 0.1195551436515292
0 0.21460340993328392 0.23772011121408712 0.02446256486286138 0.03243744207599629
0 0.29577464788732394 0.2905468025949954 0.10971089696071164 0.1195551436515292
0 0.20274277242401778 0.3341056533827618 0.0363232023721275 0.04541241890639481
0 0.22831727205337288 0.43744207599629287 0.08005930318754632 0.15384615384615385
0 0.2731653076352854 0.5486561631139945 0.05263157894736842 0.03707136237256719
0 0.4032616753150482 0.5940685820203893 0.03261675315048184 0.04077849860982391
0 0.2071905114899926 0.8781278962001854 0.06893995552260934 0.09360518999073215
4 0.8510007412898444 0.6255792400370713 0.2727946627131208 0.5690454124189064
