2 0.650390625 0.12890625 0.359375 0.10546875
2 0.361328125 0.1943359375 0.20703125 0.072265625
2 0.244140625 0.349609375 0.14453125 0.2265625
3 0.498046875 0.5 0.99609375 0.9921875
5 0.7802734375 0.40625 0.048828125 0.0703125
5 0.85546875 0.470703125 0.0859375 0.29296875
5 0.78515625 0.662109375 0.08203125 0.09765625
5 0.728515625 0.40625 0.0546875 0.12890625
1 0.205078125 0.4921875 0.41015625 0.97265625
1 0.4541015625 0.1171875 0.904296875 0.22265625
0 0.77734375 0.4921875 0.04296875 0.0234375
