2 0.8681640625 0.484375 0.080078125 0.0546875
2 0.94921875 0.4736328125 0.046875 0.052734375
2 0.962890625 0.25 0.0703125 0.046875
2 0.9755859375 0.328125 0.037109375 0.046875
2 0.7626953125 0.0537109375 0.041015625 0.041015625
2 0.8125 0.10546875 0.05078125 0.12890625
2 0.2333984375 0.951171875 0.087890625 0.09375
2 0.619140625 0.8955078125 0.06640625 0.076171875
2 0.7451171875 0.9638671875 0.037109375 0.044921875
2 0.8056640625 0.984375 0.044921875 0.02734375
5 0.5009765625 0.41015625 0.041015625 0.04296875
2 0.6484375 0.974609375 0.04296875 0.04296875
2 0.546875 0.048828125 0.09765625 0.0390625
4 0.5087890625 0.3466796875 0.333984375 0.431640625
1 0.080078125 0.15625 0.16015625 0.3125
