4 0.498046875 0.3046875 0.984375 0.6015625
5 0.712890625 0.8642578125 0.3125 0.205078125
5 0.1416015625 0.357421875 0.056640625 0.05859375
5 0.197265625 0.39453125 0.03125 0.046875
2 0.29296875 0.60546875 0.09765625 0.07421875
2 0.134765625 0.57421875 0.09375 0.19140625
2 0.451171875 0.515625 0.04296875 0.05859375
2 0.513671875 0.5185546875 0.03515625 0.041015625
2 0.6767578125 0.5732421875 0.091796875 0.056640625
2 0.0947265625 0.8955078125 0.142578125 0.150390625
2 0.5390625 0.412109375 0.05859375 0.0625
2 0.6435546875 0.4482421875 0.033203125 0.044921875
2 0.521484375 0.6435546875 0.03125 0.044921875
