0 0.8180133432171979 0.7511584800741428 0.04966641957005189 0.056533827618164965
0 0.7286879169755375 0.6978683966635774 0.0681986656782802 0.029657089898053754
0 0.6916234247590808 0.9582947173308619 0.19570051890289103 0.07228915662650602
0 0.7142327650111193 0.8577386468952733 0.034840622683469234 0.03614457831325301
0 0.6779095626389918 0.8063021316033364 0.04670126019273536 0.042632066728452274
1 0.09377316530763528 0.5032437442075997 0.18606375092661231 0.989805375347544
5 0.46441808747220165 0.36468952734012977 0.04966641957005189 0.07692307692307693
5 0.5689399555226093 0.24142724745134383 0.02446256486286138 0.03429101019462465
5 0.5937731653076352 0.1645041705282669 0.01927353595255745 0.030583873957367932
5 0.6000741289844329 0.11584800741427248 0.018532246108228317 0.025949953660797033
5 0.42883617494440324 0.5560704355885079 0.060044477390659746 0.15755329008341057
5 0.5018532246108228 0.6024096385542169 0.05189028910303929 0.11677479147358666
5 0.5326167531504818 0.3697868396663577 0.034840622683469234 0.08155699721964782
5 0.5833951074870274 0.3586654309545876 0.037064492216456635 0.08526413345690455
5 0.6004447739065975 0.30815569972196477 0.0385470719051149 0.056533827618164965
5 0.6130467012601928 0.26506024096385544 0.025203854707190512 0.04633920296570899
5 0.6716085989621943 0.21084337349397592 0.04002965159377316 0.08989805375347544
5 0.7234988880652335 0.18860055607043558 0.0385470719051149 0.07877664504170528
5 0.6957005189028911 0.11121408711770157 0.03039288361749444 0.04448563484708063
5 0.689770200148258 0.023632993512511583 0.048183839881393624 0.047265987025023166
5 0.4873980726464047 0.21084337349397592 0.048183839881393624 0.06950880444856349
5 0.5285396590066717 0.19045412418906396 0.031134173461823574 0.06209453197405004
5 0.5622683469236471 0.18952734012974976 0.02742772424017791 0.060240963855421686
5 0.5189028910303929 0.24976830398517144 0.014825796886582653 0.03985171455050973
5 0.46404744255003705 0.3002780352177943 0.037064492216456635 0.04077849860982391
5 0.47368421052631576 0.1283595922150139 0.023721275018532245 0.03429101019462465
5 0.49592290585618976 0.12140871177015755 0.01630837657524092 0.03151065801668211
5 0.5018532246108228 0.1556997219647822 0.01630837657524092 0.027803521779425393
5 0.455522609340252 0.44439295644114923 0.028910303928836176 0.05838739573679333
5 0.5007412898443291 0.46153846153846156 0.0452186805040771 0.12048192771084337
5 0.6123054114158636 0.45041705282669137 0.031134173461823574 0.04633920296570899
5 0.603409933283914 0.5607043558850788 0.0681986656782802 0.0778498609823911
5 0.2079318013343217 0.767840593141798 0.06745737583395107 0.4569045412418906
5 0.1363973313565604 0.3563484708063021 0.037064492216456635 0.060240963855421686
5 0.13083765752409193 0.4318813716404078 0.025945144551519646 0.05004633920296571
5 0.156412157153447 0.44717330861909177 0.028169014084507043 0.0732159406858202
5 0.22386953298739806 0.3396663577386469 0.029651593773165306 0.082483781278962
5 0.2005189028910304 0.37766450417052827 0.02742772424017791 0.082483781278962
5 0.8309859154929577 0.2655236329935125 0.023721275018532245 0.03429101019462465
5 0.2887323943661972 0.741890639481001 0.03039288361749444 0.04170528266913809
5 0.2920681986656783 0.9680259499536608 0.023721275018532245 0.03614457831325301
5 0.3780578206078577 0.9620018535681186 0.03261675315048184 0.051899907321594066
