4 0.312824314306894 0.3336422613531047 0.5544848035581913 0.6468952734012975
1 0.553002223869533 0.8892493049119555 0.4269829503335804 0.20667284522706209
0 0.1111934766493699 0.08943466172381835 0.06671608598962195 0.0732159406858202
0 0.19125277983691624 0.05097312326227989 0.02223869532987398 0.027803521779425393
0 0.33246849518161603 0.12094531974050046 0.033358042994810974 0.03429101019462465
5 0.41141586360266863 0.1329935125115848 0.037064492216456635 0.05468025949953661
5 0.4462564862861379 0.13484708063021317 0.03558191252779837 0.05838739573679333
5 0.4195700518902891 0.1784059314179796 0.037064492216456635 0.056533827618164965
0 0.2746478873239437 0.546339202965709 0.02742772424017791 0.03243744207599629
0 0.3591549295774648 0.41473586654309547 0.025945144551519646 0.04911955514365153
0 0.2798369162342476 0.30676552363299353 0.03187546330615271 0.05004633920296571
0 0.21534469977761306 0.7956441149212233 0.022979985174203115 0.030583873957367932
0 0.18383988139362492 0.8266913809082483 0.026686434395848776 0.024096385542168676
0 0.16160118606375093 0.8503243744207599 0.017790956263899184 0.030583873957367932
0 0.06412157153446998 0.8883225208526413 0.021497405485544848 0.030583873957367932
0 0.32283172720533726 0.3290083410565338 0.021497405485544848 0.018535681186283594
0 0.3202372127501853 0.3563484708063021 0.01927353595255745 0.015755329008341055
0 0.3106004447739066 0.37349397590361444 0.02223869532987398 0.022242817423540315
0 0.3413639733135656 0.35912882298424464 0.025945144551519646 0.03429101019462465
0 0.2542624166048925 0.22613531047265986 0.01630837657524092 0.020389249304911955
0 0.2805782060785767 0.21501390176088972 0.014084507042253521 0.022242817423540315
0 0.20126019273535953 0.2099165894346617 0.014084507042253521 0.03243744207599629
5 0.20422535211267606 0.2099165894346617 0.01704966641957005 0.03614457831325301
0 0.2805782060785767 0.4170528266913809 0.009636767976278725 0.020389249304911955
0 0.2965159377316531 0.40593141797961074 0.01630837657524092 0.016682113067655237
0 0.20681986656782803 0.5324374420759963 0.017790956263899184 0.015755329008341055
0 0.2157153446997776 0.5607043558850788 0.020756115641215715 0.024096385542168676
0 0.2412898443291327 0.5866543095458758 0.018532246108228317 0.025949953660797033
0 0.27538917716827277 0.49675625579240035 0.018532246108228317 0.029657089898053754
0 0.48072646404744257 0.3086190917516219 0.02446256486286138 0.027803521779425393
3 0.7171979243884359 0.30537534754402224 0.20533728687916974 0.505097312326228
