5 0.88671875 0.42578125 0.04296875 0.04296875
5 0.955078125 0.4375 0.06640625 0.06640625
5 0.9365234375 0.2177734375 0.115234375 0.251953125
5 0.775390625 0.31640625 0.109375 0.0703125
4 0.541015625 0.447265625 0.3125 0.2734375
5 0.7900390625 0.681640625 0.029296875 0.05078125
5 0.908203125 0.8359375 0.03515625 0.046875
5 0.4501953125 0.80078125 0.041015625 0.03515625
5 0.4775390625 0.7685546875 0.041015625 0.044921875
5 0.197265625 0.673828125 0.04296875 0.05078125
5 0.6103515625 0.6376953125 0.037109375 0.044921875
5 0.8759765625 0.2607421875 0.091796875 0.134765625
5 0.6669921875 0.05859375 0.048828125 0.04296875
5 0.65625 0.1005859375 0.0390625 0.041015625
