0 0.5203854707190512 0.8174235403151066 0.05930318754633061 0.03521779425393883
0 0.3780578206078577 0.16357738646895273 0.03558191252779837 0.03985171455050973
0 0.3647146034099333 0.08294717330861909 0.023721275018532245 0.028730305838739572
0 0.34988880652335064 0.12928637627432807 0.023721275018532245 0.028730305838739572
0 0.36767976278724984 0.1195551436515292 0.014825796886582653 0.024096385542168676
0 0.4014084507042254 0.2057460611677479 0.033358042994810974 0.03707136237256719
0 0.4184581171237954 0.3035217794253939 0.018532246108228317 0.04170528266913809
0 0.4255003706449222 0.3572752548656163 0.023721275018532245 0.037998146431881374
0 0.4844329132690882 0.34661723818350326 0.025945144551519646 0.024096385542168676
0 0.39288361749444034 0.4068582020389249 0.04151223128243143 0.04077849860982391
0 0.5063009636767977 0.45644114921223355 0.017790956263899184 0.030583873957367932
0 0.41697553743513716 0.47868396663577384 0.07042253521126761 0.07877664504170528
0 0.4618235730170497 0.4541241890639481 0.03261675315048184 0.09823911028730306
0 0.48183839881393625 0.43697868396663575 0.014825796886582653 0.028730305838739572
0 0.48851000741289846 0.6533827618164968 0.017790956263899184 0.025949953660797033
0 0.4759080800593032 0.6561631139944393 0.01927353595255745 0.027803521779425393
0 0.458117123795404 0.6515291936978684 0.017790956263899184 0.025949953660797033
0 0.7620459599703484 0.1746987951807229 0.020756115641215715 0.030583873957367932
0 0.6011860637509266 0.0963855421686747 0.020756115641215715 0.025949953660797033
0 0.20756115641215717 0.24189063948100092 0.01927353595255745 0.03151065801668211
0 0.2872498146775389 0.12511584800741427 0.02446256486286138 0.027803521779425393
0 0.27353595255744995 0.0639481000926784 0.02223869532987398 0.029657089898053754
0 0.28317272053372866 0.03892493049119555 0.02223869532987398 0.03151065801668211
0 0.44032616753150483 0.5597775718257646 0.017790956263899184 0.024096385542168676
0 0.5422535211267606 0.5778498609823911 0.02001482579688658 0.028730305838739572
0 0.47405485544848036 0.10611677479147359 0.02742772424017791 0.026876737720111215
0 0.4392142327650111 0.08063021316033364 0.022979985174203115 0.024096385542168676
0 0.4447739065974796 0.11399443929564411 0.014825796886582653 0.022242817423540315
0 0.22386953298739806 0.0690454124189064 0.01927353595255745 0.025023169601482854
0 0.20459599703484063 0.04170528266913809 0.02223869532987398 0.022242817423540315
0 0.502594514455152 0.3035217794253939 0.014825796886582653 0.03429101019462465
0 0.5663454410674573 0.964318813716404 0.013343217197924388 0.025023169601482854
5 0.8176426982950333 0.03892493049119555 0.017790956263899184 0.03151065801668211
5 0.7954040029651593 0.030583873957367932 0.020756115641215715 0.03151065801668211
5 0.7790956263899185 0.04958294717330862 0.020756115641215715 0.030583873957367932
5 0.7601927353595256 0.0458758109360519 0.021497405485544848 0.037998146431881374
1 0.17642698295033357 0.9522706209453198 0.09785025945144551 0.0917516218721038
