1 0.19570051890289103 0.06719184430027804 0.30392883617494443 0.13253012048192772
0 0.6419570051890289 0.4161260426320667 0.04892512972572276 0.07414272474513438
0 0.054114158636026685 0.8317886932344764 0.05930318754633061 0.0639481000926784
0 0.04892512972572276 0.5866543095458758 0.06078576723498888 0.1872103799814643
0 0.3480355819125278 0.7613531047265987 0.06449221645663454 0.14921223354958293
0 0.3621200889547813 0.9031510658016683 0.03187546330615271 0.06209453197405004
0 0.4191994069681245 0.5759962928637627 0.08524833209785027 0.13253012048192772
0 0.3291326908821349 0.6051899907321594 0.042994810971089696 0.08155699721964782
0 0.27798369162342473 0.6746987951807228 0.037064492216456635 0.04819277108433735
0 0.49406968124536693 0.8253012048192772 0.03187546330615271 0.0639481000926784
0 0.5233506300963677 0.8178869323447636 0.01927353595255745 0.056533827618164965
0 0.5029651593773166 0.892029657089898 0.03039288361749444 0.056533827618164965
0 0.45329873980726465 0.9453197405004634 0.06893995552260934 0.07414272474513438
0 0.6627131208302446 0.943466172381835 0.03558191252779837 0.04633920296570899
0 0.7045959970348407 0.9189063948100092 0.028910303928836176 0.030583873957367932
0 0.8109710896960711 0.4258572752548656 0.02223869532987398 0.037998146431881374
0 0.2994810971089696 0.7391102873030584 0.025203854707190512 0.04355885078776645
5 0.5092661230541141 0.5713623725671918 0.072646404744255 0.06209453197405004
5 0.586360266864344 0.9504170528266914 0.06968124536693847 0.0639481000926784
5 0.8269088213491476 0.902224281742354 0.10896960711638251 0.060240963855421686
5 0.6660489251297257 0.6487488415199258 0.039288361749444035 0.04819277108433735
5 0.7260934025203855 0.6070435588507878 0.033358042994810974 0.04633920296570899
5 0.7338769458858414 0.5389249304911955 0.03558191252779837 0.06580166821130677
5 0.22053372868791699 0.7108433734939759 0.05114899925871016 0.05560704355885079
5 0.26908821349147516 0.7604263206672845 0.03261675315048184 0.03429101019462465
5 0.08413639733135655 0.17655236329935126 0.054114158636026685 0.05468025949953661
5 0.8765752409191994 0.08433734939759036 0.09266123054114159 0.06672845227062095
3 0.49962935507783546 0.49675625579240035 0.9918458117123795 0.9879518072289156
0 0.5930318754633062 0.793790546802595 0.023721275018532245 0.03614457831325301
0 0.6323202372127502 0.7965708989805376 0.03261675315048184 0.04170528266913809
0 0.6734618235730171 0.7933271547729379 0.02742772424017791 0.051899907321594066
0 0.7253521126760564 0.7803521779425394 0.04225352112676056 0.05375347544022243
0 0.08747220163083766 0.8836886005560705 0.02223869532987398 0.04355885078776645
