1 0.04892512972572276 0.4411492122335496 0.08005930318754632 0.33178869323447635
1 0.28799110452186805 0.9416126042632067 0.27057079318013344 0.08897126969416126
5 0.18532246108228317 0.0639481000926784 0.19866567828020756 0.11492122335495829
5 0.18346923647146035 0.13623725671918444 0.02742772424017791 0.04819277108433735
5 0.2346182357301705 0.16126042632066728 0.028910303928836176 0.042632066728452274
5 0.43439584877687176 0.494902687673772 0.031134173461823574 0.042632066728452274
5 0.6653076352853966 0.6561631139944393 0.033358042994810974 0.05004633920296571
5 0.6927353595255745 0.6677479147358666 0.02742772424017791 0.03429101019462465
5 0.7071905114899926 0.7882298424467099 0.014825796886582653 0.03614457831325301
5 0.6115641215715345 0.3438368860055607 0.056338028169014086 0.10936051899907322
5 0.522238695329874 0.422613531047266 0.039288361749444035 0.07228915662650602
0 0.843587842846553 0.12696941612604262 0.0385470719051149 0.029657089898053754
0 0.8372868791697554 0.16311399443929564 0.11638250555967383 0.03892493049119555
0 0.9195700518902891 0.3957367933271548 0.06745737583395107 0.08341056533827618
5 0.6927353595255745 0.3683966635773865 0.04373610081541883 0.05282669138090825
0 0.6830985915492958 0.376274328081557 0.04373610081541883 0.04077849860982391
0 0.6030392883617495 0.3480074142724745 0.05114899925871016 0.0639481000926784
0 0.6690140845070423 0.24003707136237257 0.06449221645663454 0.0871177015755329
0 0.6893995552260934 0.060240963855421686 0.08895478131949593 0.09453197405004633
0 0.765752409191994 0.07228915662650602 0.017790956263899184 0.029657089898053754
0 0.7724240177909563 0.09870250231696015 0.01630837657524092 0.030583873957367932
0 0.5833951074870274 0.030583873957367932 0.03558191252779837 0.04448563484708063
4 0.7064492216456635 0.24930491195551435 0.5396590066716086 0.4763670064874884
