4 0.3359375 0.8466796875 0.6328125 0.294921875
6 0.4228515625 0.8359375 0.345703125 0.296875
2 0.40234375 0.123046875 0.0546875 0.05859375
2 0.4443359375 0.0751953125 0.048828125 0.044921875
2 0.3408203125 0.21875 0.044921875 0.0546875
2 0.0654296875 0.259765625 0.044921875 0.0546875
2 0.1591796875 0.275390625 0.052734375 0.05078125
2 0.0341796875 0.3203125 0.037109375 0.05078125
2 0.013671875 0.4296875 0.0234375 0.0546875
2 0.8671875 0.21484375 0.07421875 0.0703125
2 0.5458984375 0.0751953125 0.177734375 0.044921875
0 0.87109375 0.21484375 0.05078125 0.05078125
0 0.5263671875 0.078125 0.154296875 0.0390625
0 0.3515625 0.2255859375 0.046875 0.037109375
0 0.0634765625 0.2578125 0.041015625 0.04296875
0 0.0322265625 0.3232421875 0.025390625 0.044921875
0 0.009765625 0.4267578125 0.01171875 0.056640625
0 0.15625 0.275390625 0.0390625 0.05078125
2 0.970703125 0.96484375 0.02734375 0.04296875
