2 0.798828125 0.1748046875 0.12109375 0.064453125
2 0.87890625 0.140625 0.06640625 0.0625
2 0.931640625 0.13671875 0.0234375 0.0546875
2 0.9423828125 0.1884765625 0.080078125 0.119140625
2 0.9755859375 0.3037109375 0.033203125 0.056640625
2 0.9609375 0.3896484375 0.05078125 0.099609375
0 0.7978515625 0.177734375 0.123046875 0.05859375
0 0.9541015625 0.38671875 0.033203125 0.0859375
0 0.923828125 0.23046875 0.046875 0.0546875
0 0.9521484375 0.16796875 0.060546875 0.07421875
6 0.3515625 0.818359375 0.2734375 0.34375
3 0.82421875 0.83203125 0.30078125 0.24609375
4 0.4833984375 0.69921875 0.181640625 0.1484375
