2 0.2521514629948365 0.9404494382022472 0.270223752151463 0.060674157303370786
2 0.7332185886402753 0.9337078651685393 0.18244406196213425 0.060674157303370786
2 0.6987951807228916 0.9831460674157303 0.12736660929432014 0.024719101123595506
2 0.8803786574870912 0.09325842696629214 0.05335628227194492 0.08314606741573034
2 0.08950086058519793 0.09213483146067415 0.11359724612736662 0.07191011235955057
2 0.49569707401032703 0.5943820224719101 0.03442340791738382 0.051685393258426963
2 0.4440619621342513 0.4303370786516854 0.04819277108433735 0.056179775280898875
2 0.14457831325301204 0.5595505617977528 0.04475043029259897 0.058426966292134834
2 0.20654044750430292 0.3471910112359551 0.04819277108433735 0.060674157303370786
2 0.8648881239242685 0.5741573033707865 0.043029259896729774 0.051685393258426963
