2 0.4990234375 0.4990234375 0.998046875 0.998046875
2 0.1513671875 0.4404296875 0.095703125 0.259765625
2 0.369140625 0.80078125 0.0546875 0.08203125
2 0.4296875 0.861328125 0.0625 0.078125
2 0.63671875 0.9150390625 0.09765625 0.107421875
2 0.669921875 0.794921875 0.203125 0.109375
2 0.92578125 0.3017578125 0.1328125 0.103515625
2 0.9482421875 0.388671875 0.072265625 0.0625
2 0.7392578125 0.1533203125 0.111328125 0.150390625
2 0.533203125 0.32421875 0.1171875 0.09375
2 0.65234375 0.224609375 0.12109375 0.11328125
2 0.23046875 0.0458984375 0.0859375 0.091796875
2 0.3203125 0.732421875 0.0703125 0.12890625
2 0.6318359375 0.5 0.150390625 0.234375
2 0.365234375 0.234375 0.1171875 0.11328125
2 0.4619140625 0.142578125 0.177734375 0.203125
2 0.2451171875 0.1826171875 0.208984375 0.154296875
2 0.35546875 0.580078125 0.109375 0.14453125
2 0.1669921875 0.529296875 0.322265625 0.25390625
2 0.5458984375 0.033203125 0.138671875 0.0625
0 0.9326171875 0.4833984375 0.123046875 0.126953125
1 0.9169921875 0.72265625 0.162109375 0.43359375
