4 0.2954040029651594 0.6088971269694161 0.49592290585618976 0.7025023169601483
5 0.9284655300222387 0.6570898980537535 0.10155670867309118 0.164967562557924
1 0.9043736100815419 0.6580166821130676 0.17346182357301704 0.329935125115848
1 0.80763528539659 0.8985171455050973 0.31208302446256486 0.19184430027803523
5 0.7420311341734618 0.7780352177942539 0.05782060785767235 0.08433734939759036
5 0.6360266864343959 0.8257645968489342 0.023721275018532245 0.033364226135310475
0 0.6382505559673832 0.8336422613531047 0.01927353595255745 0.026876737720111215
0 0.683839881393625 0.8206672845227062 0.022979985174203115 0.03243744207599629
0 0.6152705707931801 0.8892493049119555 0.037064492216456635 0.03243744207599629
0 0.6215715344699778 0.9198331788693235 0.021497405485544848 0.025023169601482854
0 0.6475166790214975 0.9652455977757183 0.05707931801334322 0.05097312326227989
0 0.5140845070422535 0.958758109360519 0.0452186805040771 0.05838739573679333
0 0.4444032616753151 0.7117701575532901 0.0452186805040771 0.04448563484708063
0 0.4429206819866568 0.597775718257646 0.04225352112676056 0.05004633920296571
0 0.3799110452186805 0.6098239110287303 0.028910303928836176 0.03892493049119555
0 0.31801334321719793 0.6923076923076923 0.031134173461823574 0.025949953660797033
0 0.3257968865826538 0.7150139017608897 0.021497405485544848 0.030583873957367932
0 0.03039288361749444 0.5236329935125116 0.04002965159377316 0.04077849860982391
0 0.029651593773165306 0.603336422613531 0.01927353595255745 0.042632066728452274
0 0.05374351371386212 0.7066728452270621 0.022979985174203115 0.03429101019462465
0 0.3510007412898443 0.7303058387395737 0.015567086730911787 0.024096385542168676
0 0.35656041512231285 0.7618164967562558 0.011860637509266123 0.024096385542168676
0 0.3765752409191994 0.7326227988878591 0.01927353595255745 0.030583873957367932
5 0.8517420311341735 0.7298424467099166 0.0385470719051149 0.06765523632993513
5 0.9132690882134915 0.7562557924003707 0.04595997034840623 0.061167747914735865
5 0.7954040029651593 0.29564411492122333 0.03558191252779837 0.051899907321594066
5 0.35730170496664193 0.10750695088044486 0.03558191252779837 0.04819277108433735
5 0.44885100074128986 0.027803521779425393 0.06597479614529281 0.05375347544022243
5 0.22424017790956263 0.016682113067655237 0.07338769458858414 0.027803521779425393
5 0.1730911786508525 0.04911955514365153 0.03187546330615271 0.027803521779425393
5 0.259822090437361 0.08526413345690455 0.03039288361749444 0.04448563484708063
0 0.9529280948851001 0.5537534754402225 0.06893995552260934 0.09731232622798888
0 0.9510748702742773 0.6853568118628359 0.04002965159377316 0.0639481000926784
1 0.8372868791697554 0.2896200185356812 0.1356560415122313 0.2511584800741427
