4 0.34375 0.47265625 0.6484375 0.734375
2 0.1318359375 0.8291015625 0.224609375 0.283203125
6 0.3466796875 0.71484375 0.291015625 0.5390625
1 0.4482421875 0.8662109375 0.083984375 0.216796875
2 0.775390625 0.115234375 0.05078125 0.0546875
2 0.837890625 0.19921875 0.04296875 0.03515625
2 0.8173828125 0.318359375 0.056640625 0.1640625
2 0.875 0.359375 0.04296875 0.03125
2 0.8828125 0.4365234375 0.0625 0.068359375
2 0.958984375 0.37109375 0.046875 0.03515625
2 0.6669921875 0.0380859375 0.123046875 0.072265625
