4 0.7153446997776131 0.2581093605189991 0.46108228317272054 0.47914735866543096
5 0.18383988139362492 0.08480074142724744 0.22090437361008153 0.14735866543095458
5 0.17865085248332097 0.17284522706209454 0.037064492216456635 0.05468025949953661
5 0.32987398072646407 0.18535681186283595 0.03558191252779837 0.042632066728452274
5 0.4255003706449222 0.5458758109360519 0.03558191252779837 0.04077849860982391
5 0.6860637509266123 0.70064874884152 0.060044477390659746 0.04633920296570899
5 0.7053372868791697 0.8239110287303059 0.02446256486286138 0.05004633920296571
5 0.7105263157894737 0.6107506950880445 0.07338769458858414 0.164967562557924
5 0.7031134173461824 0.4138090824837813 0.0748702742772424 0.10287303058387395
5 0.600815418828762 0.38832252085264135 0.08228317272053373 0.11677479147358666
5 0.6886582653817642 0.26042632066728455 0.08154188287620459 0.09082483781278962
5 0.8647146034099333 0.15430954587581094 0.09414381022979985 0.056533827618164965
0 0.7097850259451446 0.06302131603336422 0.08673091178650852 0.09267840593141798
0 0.7831727205337287 0.07599629286376275 0.02742772424017791 0.022242817423540315
0 0.787991104521868 0.1010194624652456 0.017790956263899184 0.022242817423540315
0 0.9240177909562639 0.6153846153846154 0.02446256486286138 0.042632066728452274
0 0.704225352112676 0.5653382761816497 0.020756115641215715 0.04633920296570899
0 0.7234988880652335 0.4198331788693234 0.04744255003706449 0.06302131603336422
0 0.6085989621942179 0.371177015755329 0.05337286879169755 0.06580166821130677
0 0.5148257968865827 0.4341983317886932 0.02742772424017791 0.030583873957367932
5 0.5200148257968866 0.44763670064874883 0.04373610081541883 0.06672845227062095
0 0.5707931801334322 0.24930491195551435 0.06523350630096368 0.04819277108433735
5 0.5544848035581913 0.19045412418906396 0.09636767976278725 0.17330861909175163
1 0.030022238695329873 0.46246524559777574 0.04373610081541883 0.3132530120481928
1 0.1508524833209785 0.7493049119555144 0.27798369162342473 0.44207599629286376
1 0.35841363973313567 0.9541241890639481 0.17272053372868792 0.08433734939759036
