4 0.4990234375 0.3369140625 0.994140625 0.666015625
5 0.6611328125 0.87890625 0.052734375 0.04296875
5 0.7900390625 0.2021484375 0.095703125 0.080078125
5 0.8955078125 0.224609375 0.087890625 0.12890625
5 0.970703125 0.2734375 0.0546875 0.08984375
5 0.333984375 0.7451171875 0.0390625 0.041015625
5 0.630859375 0.82421875 0.08203125 0.07421875
5 0.3369140625 0.640625 0.056640625 0.078125
5 0.578125 0.5966796875 0.04296875 0.041015625
5 0.92578125 0.552734375 0.05859375 0.05859375
2 0.6748046875 0.9638671875 0.060546875 0.056640625
2 0.107421875 0.8798828125 0.0546875 0.044921875
2 0.0703125 0.8916015625 0.05859375 0.072265625
2 0.6298828125 0.6943359375 0.025390625 0.041015625
2 0.9833984375 0.1923828125 0.025390625 0.056640625
