4 0.31541882876204597 0.5329008341056534 0.5107487027427724 0.6246524559777572
2 0.33395107487027426 0.5379981464318814 0.07338769458858414 0.11770157553290084
5 0.8057820607857672 0.39527340129749766 0.11415863602668644 0.24003707136237257
5 0.9199406968124537 0.14133456904541242 0.07412898443291327 0.09916589434661724
5 0.8380281690140845 0.24374420759962928 0.04966641957005189 0.04633920296570899
5 0.8817642698295033 0.19972196478220575 0.021497405485544848 0.04170528266913809
5 0.9206819866567828 0.2655236329935125 0.04002965159377316 0.16589434661723818
5 0.7301704966641956 0.08850787766450417 0.05337286879169755 0.13994439295644115
0 0.9180874722016308 0.2608897126969416 0.028910303928836176 0.14550509731232622
0 0.8428465530022239 0.2428174235403151 0.023721275018532245 0.04077849860982391
0 0.9277242401779096 0.14272474513438368 0.06449221645663454 0.09453197405004633
0 0.729058561897702 0.08758109360519 0.0363232023721275 0.10843373493975904
1 0.859896219421794 0.5074142724745134 0.12601927353595255 0.24189063948100092
5 0.46553002223869533 0.8378127896200185 0.11267605633802817 0.06672845227062095
5 0.38176426982950334 0.9114921223354958 0.05485544848035582 0.0732159406858202
5 0.4621942179392142 0.8809082483781279 0.20681986656782803 0.12140871177015755
5 0.502594514455152 0.9545875810936052 0.07412898443291327 0.06672845227062095
1 0.7687175685693106 0.9365152919369787 0.32468495181616014 0.10287303058387395
0 0.5385470719051149 0.17516218721038 0.022979985174203115 0.025949953660797033
0 0.5448480355819125 0.2159406858202039 0.03261675315048184 0.042632066728452274
0 0.5522609340252038 0.061631139944392954 0.014825796886582653 0.03243744207599629
0 0.5630096367679763 0.012974976830398516 0.025945144551519646 0.024096385542168676
5 0.41882876204596 0.2015755329008341 0.04151223128243143 0.04170528266913809
