0 0.08969607116382505 0.8317886932344764 0.04002965159377316 0.0639481000926784
0 0.12750185322461083 0.9416126042632067 0.06375092661230541 0.04633920296570899
0 0.028169014084507043 0.7961075069508804 0.01927353595255745 0.029657089898053754
0 0.0374351371386212 0.8456904541241891 0.03780578206078577 0.03614457831325301
0 0.005189028910303929 0.7738646895273401 0.010378057820607857 0.07043558850787766
0 0.061527057079318014 0.7400370713623726 0.04447739065974796 0.037998146431881374
0 0.4392142327650111 0.9874884151992586 0.022979985174203115 0.021316033364226137
0 0.2071905114899926 0.1010194624652456 0.02742772424017791 0.027803521779425393
0 0.7961452928094885 0.26413345690454126 0.03261675315048184 0.061167747914735865
0 0.5711638250555967 0.5245597775718258 0.08673091178650852 0.07414272474513438
0 0.765011119347665 0.9411492122335496 0.20459599703484063 0.11399443929564411
0 0.793180133432172 0.8484708063021316 0.11860637509266123 0.13438368860055608
0 0.859896219421794 0.7228915662650602 0.0340993328391401 0.05931417979610751
0 0.8291326908821349 0.7599629286376274 0.02742772424017791 0.03892493049119555
5 0.4336545589325426 0.855885078776645 0.020756115641215715 0.03614457831325301
5 0.3443291326908821 0.18164967562557924 0.022979985174203115 0.03151065801668211
5 0.4217939214232765 0.1686746987951807 0.02223869532987398 0.025949953660797033
5 0.20867309117865085 0.1010194624652456 0.021497405485544848 0.03151065801668211
5 0.06560415122312824 0.1746987951807229 0.02742772424017791 0.03429101019462465
5 0.3524833209785026 0.14735866543095458 0.028910303928836176 0.04448563484708063
0 0.18458117123795403 0.07089898053753475 0.0340993328391401 0.04911955514365153
1 0.7638991845811712 0.938368860055607 0.20533728687916974 0.10843373493975904
1 0.793180133432172 0.8466172381835032 0.10971089696071164 0.13067655236329936
1 0.8309859154929577 0.7562557924003707 0.023721275018532245 0.042632066728452274
1 0.8587842846553002 0.7210379981464319 0.025945144551519646 0.04819277108433735
1 0.5715344699777613 0.5227062094531975 0.0770941438102298 0.07414272474513438
1 0.7939214232765011 0.26042632066728455 0.020756115641215715 0.051899907321594066
