4 0.412109375 0.755859375 0.46484375 0.4140625
6 0.302734375 0.873046875 0.21875 0.2421875
0 0.2724609375 0.1123046875 0.033203125 0.052734375
0 0.2705078125 0.2470703125 0.041015625 0.087890625
0 0.1416015625 0.0966796875 0.044921875 0.056640625
0 0.0595703125 0.404296875 0.041015625 0.046875
0 0.9677734375 0.421875 0.044921875 0.0625
0 0.947265625 0.4921875 0.0625 0.09765625
0 0.73828125 0.16796875 0.03125 0.05859375
0 0.4208984375 0.017578125 0.041015625 0.03125
0 0.3291015625 0.1044921875 0.044921875 0.037109375
2 0.9482421875 0.171875 0.033203125 0.04296875
2 0.2724609375 0.248046875 0.052734375 0.1015625
2 0.2802734375 0.115234375 0.052734375 0.08984375
2 0.1455078125 0.0966796875 0.041015625 0.060546875
3 0.8759765625 0.822265625 0.224609375 0.26171875
3 0.84375 0.2451171875 0.22265625 0.158203125
