3 0.5337286879169756 0.7479147358665431 0.5915492957746479 0.35588507877664505
1 0.2887323943661972 0.7432808155699722 0.5567086730911787 0.4911955514365153
5 0.4447739065974796 0.36098239110287306 0.06078576723498888 0.07506950880444857
5 0.3873239436619718 0.1329935125115848 0.033358042994810974 0.047265987025023166
5 0.4154929577464789 0.10287303058387395 0.0452186805040771 0.06302131603336422
5 0.09266123054114159 0.10750695088044486 0.04892512972572276 0.051899907321594066
0 0.9436619718309859 0.36793327154772937 0.01927353595255745 0.024096385542168676
0 0.9518161601186064 0.3901760889712697 0.01630837657524092 0.024096385542168676
0 0.7727946627131208 0.11353104726598702 0.039288361749444035 0.028730305838739572
0 0.8050407709414381 0.09221501390176089 0.02223869532987398 0.013901760889712697
0 0.821349147516679 0.061167747914735865 0.01630837657524092 0.012974976830398516
0 0.8765752409191994 0.05838739573679333 0.00815418828762046 0.022242817423540315
0 0.8106004447739066 0.23308619091751623 0.033358042994810974 0.03985171455050973
0 0.8535952557449963 0.21779425393883226 0.025945144551519646 0.025949953660797033
0 0.6708673091178651 0.2247451343836886 0.0385470719051149 0.03614457831325301
0 0.698295033358043 0.24513438368860055 0.03261675315048184 0.03243744207599629
0 0.8283914010378057 0.4309545875810936 0.07635285396590066 0.051899907321594066
0 0.08932542624166048 0.11075069508804448 0.034840622683469234 0.026876737720111215
0 0.3936249073387695 0.15384615384615385 0.031134173461823574 0.020389249304911955
0 0.39807264640474427 0.11677479147358666 0.01630837657524092 0.022242817423540315
0 0.41808747220163084 0.07738646895273402 0.037064492216456635 0.019462465245597776
4 0.7275759822090437 0.32854494902687675 0.519644180874722 0.6126042632066728
