0 0.1771682727946627 0.8665430954587581 0.01630837657524092 0.018535681186283594
0 0.26723498888065234 0.8544949026876738 0.015567086730911787 0.022242817423540315
0 0.2742772424017791 0.8809082483781279 0.017790956263899184 0.017608897126969416
0 0.3113417346182357 0.9170528266913809 0.023721275018532245 0.03429101019462465
0 0.3272794662713121 0.8878591288229842 0.02742772424017791 0.03151065801668211
0 0.3046701260192735 0.79935125115848 0.01927353595255745 0.023169601482854494
0 0.3395107487027428 0.8243744207599629 0.01630837657524092 0.017608897126969416
0 0.31208302446256486 0.7738646895273401 0.01630837657524092 0.022242817423540315
0 0.29280948851000743 0.8378127896200185 0.01927353595255745 0.016682113067655237
0 0.5229799851742031 0.09731232622798888 0.018532246108228317 0.020389249304911955
0 0.535952557449963 0.12048192771084337 0.02223869532987398 0.029657089898053754
0 0.9369903632320237 0.6487488415199258 0.017790956263899184 0.024096385542168676
0 0.6148999258710156 0.5268767377201112 0.025945144551519646 0.026876737720111215
0 0.6215715344699778 0.5532900834105653 0.02446256486286138 0.022242817423540315
0 0.6074870274277242 0.5792400370713624 0.03039288361749444 0.029657089898053754
5 0.18421052631578946 0.30815569972196477 0.02742772424017791 0.03614457831325301
5 0.05967383246849518 0.18164967562557924 0.05114899925871016 0.07599629286376275
5 0.021497405485544848 0.24930491195551435 0.025203854707190512 0.025949953660797033
5 0.6204595997034841 0.571825764596849 0.05930318754633061 0.12418906394810009
5 0.614529280948851 0.6172381835032438 0.01927353595255745 0.025949953660797033
5 0.3873239436619718 0.7771084337349398 0.014084507042253521 0.03243744207599629
5 0.4395848776871757 0.6876737720111215 0.01630837657524092 0.022242817423540315
5 0.4062268346923647 0.705746061167748 0.014825796886582653 0.021316033364226137
0 0.7987398072646404 0.9541241890639481 0.18458117123795403 0.08804448563484708
0 0.8758339510748703 0.8716404077849861 0.12972572275759822 0.09731232622798888
0 0.9684951816160119 0.8345690454124189 0.025945144551519646 0.05838739573679333
4 0.21830985915492956 0.5023169601482854 0.43217197924388434 0.9916589434661723
