6 0.17575757575757575 0.7162027833001988 0.3515151515151515 0.3508946322067594
2 0.11255411255411256 0.8658051689860835 0.08484848484848485 0.05765407554671968
2 0.13246753246753246 0.8101391650099403 0.03636363636363636 0.03578528827037773
2 0.18614718614718614 0.9602385685884692 0.05887445887445888 0.05765407554671968
2 0.287012987012987 0.8066600397614314 0.04069264069264069 0.09045725646123261
2 0.18441558441558442 0.27186878727634195 0.05367965367965368 0.06858846918489066
2 0.15627705627705626 0.37524850894632206 0.05627705627705628 0.0805168986083499
2 0.2554112554112554 0.36779324055666 0.05194805194805195 0.07554671968190854
2 0.3398268398268398 0.3717693836978131 0.047619047619047616 0.11133200795228629
2 0.4017316017316017 0.4304174950298211 0.06753246753246753 0.09741550695825049
2 0.37922077922077924 0.5129224652087475 0.07272727272727272 0.05168986083499006
2 0.44675324675324674 0.4831013916500994 0.03463203463203463 0.0536779324055666
2 0.4961038961038961 0.518389662027833 0.022510822510822513 0.020874751491053677
2 0.5168831168831168 0.4070576540755467 0.04329004329004329 0.11232604373757456
2 0.45324675324675323 0.34691848906560635 0.05627705627705628 0.06560636182902585
2 0.5316017316017316 0.23956262425447317 0.025974025974025976 0.05168986083499006
2 0.47835497835497837 0.23757455268389663 0.02683982683982684 0.03777335984095427
2 0.45324675324675323 0.17693836978131214 0.023376623376623377 0.04970178926441352
2 0.5181818181818182 0.1679920477137177 0.0735930735930736 0.0636182902584493
2 0.5956709956709957 0.2529821073558648 0.06406926406926407 0.1540755467196819
2 0.5385281385281385 0.6590457256461233 0.0658008658008658 0.061630218687872766
2 0.4367965367965368 0.7594433399602386 0.14632034632034632 0.061630218687872766
2 0.41904761904761906 0.7922465208747514 0.05714285714285714 0.04771371769383698
2 0.49913419913419915 0.8220675944333996 0.08225108225108226 0.0874751491053678
2 0.5987012987012987 0.8260437375745527 0.13246753246753246 0.13518886679920478
2 0.4056277056277056 0.841948310139165 0.047619047619047616 0.041749502982107355
2 0.3476190476190476 0.8001988071570576 0.0683982683982684 0.1073558648111332
2 0.37142857142857144 0.8822067594433399 0.04155844155844156 0.03876739562624255
2 0.47056277056277057 0.9662027833001988 0.12380952380952381 0.0536779324055666
2 0.8194805194805195 0.7753479125248509 0.05800865800865801 0.04771371769383698
2 0.8532467532467533 0.8444333996023857 0.047619047619047616 0.05666003976143141
2 0.9337662337662338 0.8334990059642147 0.05627705627705628 0.05864811133200795
2 0.8653679653679653 0.878727634194831 0.047619047619047616 0.03578528827037773
2 0.1354978354978355 0.1833996023856859 0.02683982683982684 0.0705765407554672
2 0.03852813852813853 0.1963220675944334 0.05627705627705628 0.1679920477137177
2 0.0735930735930736 0.20675944333996024 0.06753246753246753 0.12326043737574553
2 0.23160173160173161 0.06610337972166998 0.03722943722943723 0.04473161033797217
2 0.2545454545454545 0.13717693836978131 0.045021645021645025 0.05964214711729622
2 0.21688311688311687 0.18091451292246521 0.025108225108225107 0.02385685884691849
2 0.2800865800865801 0.10834990059642147 0.03896103896103896 0.05964214711729622
2 0.35714285714285715 0.0705765407554672 0.09090909090909091 0.1073558648111332
2 0.47445887445887447 0.0352882703777336 0.0658008658008658 0.05467196819085487
2 0.8809523809523809 0.507455268389662 0.1393939393939394 0.16600397614314116
2 0.80995670995671 0.6486083499005965 0.03896103896103896 0.12624254473161034
2 0.9272727272727272 0.3394632206759443 0.10562770562770563 0.24552683896620278
2 0.9683982683982684 0.2668986083499006 0.05974025974025974 0.07852882703777336
4 0.7666666666666667 0.3976143141153082 0.44415584415584414 0.7693836978131213
2 0.577922077922078 0.5387673956262425 0.03722943722943723 0.07157057654075547
2 0.7047619047619048 0.4463220675944334 0.0380952380952381 0.07554671968190854
2 0.29653679653679654 0.4960238568588469 0.02683982683982684 0.041749502982107355
2 0.1471861471861472 0.5044731610337972 0.06233766233766234 0.040755467196819085
2 0.2753246753246753 0.5745526838966203 0.05367965367965368 0.061630218687872766
