2 0.0556640625 0.763671875 0.052734375 0.04296875
2 0.103515625 0.7451171875 0.02734375 0.083984375
2 0.15625 0.88671875 0.0859375 0.1171875
2 0.2666015625 0.9697265625 0.095703125 0.056640625
2 0.0205078125 0.466796875 0.041015625 0.0703125
2 0.1552734375 0.2939453125 0.025390625 0.076171875
2 0.353515625 0.0986328125 0.03125 0.041015625
0 0.09375 0.2685546875 0.0390625 0.083984375
0 0.0478515625 0.5458984375 0.044921875 0.068359375
1 0.9189453125 0.7958984375 0.154296875 0.275390625
4 0.4814453125 0.62109375 0.482421875 0.6171875
