0 0.913639733135656 0.2581093605189991 0.015567086730911787 0.015755329008341055
0 0.8695329873980726 0.32252085264133457 0.023721275018532245 0.027803521779425393
0 0.8695329873980726 0.5301204819277109 0.014825796886582653 0.020389249304911955
0 0.8647146034099333 0.4031510658016682 0.014084507042253521 0.020389249304911955
0 0.80763528539659 0.3303985171455051 0.015567086730911787 0.019462465245597776
0 0.8172720533728688 0.4101019462465246 0.015567086730911787 0.030583873957367932
0 0.7627872498146775 0.3980537534754402 0.01630837657524092 0.013901760889712697
0 0.684581171237954 0.42539388322520855 0.01704966641957005 0.024096385542168676
0 0.6931060044477391 0.3586654309545876 0.01630837657524092 0.016682113067655237
0 0.7086730911786508 0.23262279888785914 0.04002965159377316 0.042632066728452274
0 0.7320237212750186 0.11121408711770157 0.015567086730911787 0.024096385542168676
0 0.734988880652335 0.13948100092678406 0.012601927353595256 0.019462465245597776
0 0.6853224610822831 0.19972196478220575 0.009636767976278725 0.019462465245597776
0 0.7160859896219421 0.20250231696014828 0.01927353595255745 0.017608897126969416
0 0.46849518161601184 0.18860055607043558 0.01927353595255745 0.017608897126969416
0 0.4351371386212009 0.19555143651529194 0.017790956263899184 0.027803521779425393
0 0.41994069681245366 0.09499536607970342 0.022979985174203115 0.028730305838739572
0 0.4047442550037065 0.06580166821130677 0.020756115641215715 0.025949953660797033
0 0.4269829503335804 0.06487488415199258 0.017790956263899184 0.024096385542168676
0 0.4473684210526316 0.033827618164967564 0.015567086730911787 0.021316033364226137
0 0.6868050407709414 0.0366079703429101 0.025945144551519646 0.03243744207599629
0 0.6174944403261675 0.03243744207599629 0.01630837657524092 0.027803521779425393
0 0.653817642698295 0.042632066728452274 0.017790956263899184 0.016682113067655237
0 0.3888065233506301 0.011584800741427247 0.03039288361749444 0.021316033364226137
0 0.36397331356560414 0.24189063948100092 0.01927353595255745 0.016682113067655237
0 0.3191252779836916 0.2391102873030584 0.028910303928836176 0.018535681186283594
0 0.41215715344699777 0.2974976830398517 0.01927353595255745 0.018535681186283594
0 0.4329132690882135 0.3243744207599629 0.01630837657524092 0.020389249304911955
0 0.5207561156412157 0.8317886932344764 0.02742772424017791 0.028730305838739572
0 0.45626389918458116 0.8239110287303059 0.021497405485544848 0.024096385542168676
0 0.4714603409933284 0.8619091751621872 0.01630837657524092 0.020389249304911955
0 0.1412157153446998 0.9721964782205746 0.02742772424017791 0.020389249304911955
0 0.23535952557449963 0.9601482854494903 0.04225352112676056 0.04077849860982391
0 0.20867309117865085 0.9856348470806302 0.02446256486286138 0.017608897126969416
0 0.25277983691623424 0.9351251158480074 0.01927353595255745 0.022242817423540315
0 0.21756856931060045 0.7771084337349398 0.022979985174203115 0.028730305838739572
0 0.6015567086730912 0.10843373493975904 0.015567086730911787 0.018535681186283594
0 0.5315048183839881 0.4170528266913809 0.017790956263899184 0.024096385542168676
0 0.8643439584877687 0.27803521779425394 0.017790956263899184 0.020389249304911955
0 0.8413639733135656 0.4726598702502317 0.01630837657524092 0.022242817423540315
1 0.11749444032616753 0.2738646895273401 0.23498888065233506 0.5477293790546802
5 0.3617494440326168 0.8804448563484708 0.01927353595255745 0.022242817423540315
5 0.2939214232765011 0.7168674698795181 0.02446256486286138 0.03614457831325301
5 0.29614529280948854 0.5880444856348471 0.083765752409192 0.13623725671918444
5 0.3306152705707932 0.49443929564411493 0.07857672349888807 0.1102873030583874
5 0.3758339510748703 0.07367933271547729 0.0340993328391401 0.03429101019462465
5 0.3650852483320978 0.03568118628359592 0.028910303928836176 0.026876737720111215
5 0.7279466271312083 0.06626506024096386 0.026686434395848776 0.030583873957367932
5 0.9414381022979985 0.5607043558850788 0.017790956263899184 0.029657089898053754
5 0.3951074870274277 0.8466172381835032 0.023721275018532245 0.026876737720111215
5 0.1597479614529281 0.7386468952734013 0.04225352112676056 0.04819277108433735
0 0.0737583395107487 0.6061167747914736 0.033358042994810974 0.03151065801668211
0 0.1627131208302446 0.6051899907321594 0.08080059303187546 0.05375347544022243
0 0.26723498888065234 0.7228915662650602 0.13862120088954782 0.14457831325301204
0 0.05522609340252038 0.6858202038924931 0.034840622683469234 0.06302131603336422
1 0.5574499629355077 0.974050046339203 0.10081541882876205 0.04819277108433735
