0 0.779466271312083 0.7840593141797961 0.02742772424017791 0.03892493049119555
0 0.7891030392883618 0.7307692307692307 0.02446256486286138 0.05282669138090825
0 0.46775389177168275 0.7080630213160334 0.020756115641215715 0.025949953660797033
0 0.4699777613046701 0.7520852641334569 0.02223869532987398 0.03429101019462465
0 0.43439584877687176 0.49721964782205746 0.02223869532987398 0.03614457831325301
0 0.5937731653076352 0.535681186283596 0.01630837657524092 0.027803521779425393
0 0.5952557449962935 0.5690454124189064 0.029651593773165306 0.029657089898053754
0 0.5848776871756857 0.47868396663577384 0.026686434395848776 0.030583873957367932
0 0.5656041512231282 0.4578313253012048 0.014825796886582653 0.022242817423540315
0 0.5685693106004448 0.4911955514365153 0.017790956263899184 0.020389249304911955
0 0.9006671608598962 0.4879518072289157 0.02223869532987398 0.03614457831325301
0 0.8873239436619719 0.5347544022242817 0.014825796886582653 0.029657089898053754
0 0.9232765011119348 0.5074142724745134 0.012601927353595256 0.03243744207599629
0 0.8791697553743514 0.4151992585727525 0.014825796886582653 0.020389249304911955
0 0.8502594514455152 0.46709916589434664 0.020756115641215715 0.024096385542168676
0 0.8661971830985915 0.4582947173308619 0.014084507042253521 0.026876737720111215
0 0.16382505559673832 0.5611677479147359 0.020756115641215715 0.037998146431881374
0 0.22498146775389177 0.20481927710843373 0.03039288361749444 0.042632066728452274
0 0.20088954781319496 0.19184430027803523 0.020756115641215715 0.027803521779425393
0 0.24240177909562638 0.14504170528266913 0.020756115641215715 0.03243744207599629
0 0.22164566345441067 0.10009267840593142 0.023721275018532245 0.025949953660797033
0 0.17828020756115642 0.22798887859128822 0.02742772424017791 0.04077849860982391
0 0.14788732394366197 0.15987025023169602 0.02742772424017791 0.03614457831325301
0 0.14343958487768718 0.09082483781278962 0.022979985174203115 0.020389249304911955
0 0.20459599703484063 0.04958294717330862 0.03261675315048184 0.03429101019462465
0 0.1927353595255745 0.07136237256719184 0.014825796886582653 0.020389249304911955
0 0.2857672349888806 0.04633920296570899 0.02446256486286138 0.04819277108433735
0 0.30689399555226093 0.04494902687673772 0.014825796886582653 0.03614457831325301
0 0.33246849518161603 0.037534754402224285 0.02446256486286138 0.037998146431881374
0 0.6041512231282431 0.5987025023169601 0.017790956263899184 0.025949953660797033
5 0.36767976278724984 0.17330861909175163 0.023721275018532245 0.027803521779425393
5 0.37731653076352856 0.20759962928637626 0.020756115641215715 0.024096385542168676
5 0.3380281690140845 0.2196478220574606 0.03261675315048184 0.051899907321594066
5 0.38139362490733875 0.25857275254865614 0.054114158636026685 0.07043558850787766
5 0.27687175685693105 0.33271547729379053 0.048183839881393624 0.07599629286376275
5 0.374351371386212 0.4453197405004634 0.06226834692364715 0.0639481000926784
5 0.32653817642698296 0.5180722891566265 0.025945144551519646 0.024096385542168676
5 0.33728687916975536 0.48841519925857274 0.020756115641215715 0.025949953660797033
5 0.3220904373610082 0.5491195551436515 0.025945144551519646 0.030583873957367932
5 0.3157894736842105 0.5940685820203893 0.02223869532987398 0.03707136237256719
5 0.4158636026686434 0.5194624652455978 0.037064492216456635 0.03985171455050973
5 0.38361749444032617 0.5315106580166821 0.02742772424017791 0.03243744207599629
5 0.46404744255003705 0.5106580166821131 0.042994810971089696 0.05931417979610751
5 0.5259451445515196 0.5607043558850788 0.012601927353595256 0.025949953660797033
5 0.5478131949592291 0.5787766450417052 0.020756115641215715 0.030583873957367932
5 0.5700518902891031 0.5912882298424467 0.017790956263899184 0.025949953660797033
5 0.5300222386953298 0.3980537534754402 0.11415863602668644 0.11399443929564411
5 0.6515937731653076 0.37488415199258573 0.10971089696071164 0.0732159406858202
5 0.740177909562639 0.4212233549582947 0.06745737583395107 0.12511584800741427
5 0.8068939955522609 0.3938832252085264 0.05263157894736842 0.057460611677479144
5 0.7097850259451446 0.5528266913809082 0.08673091178650852 0.05838739573679333
5 0.8888065233506302 0.7154772937905468 0.020756115641215715 0.025949953660797033
5 0.8739807264640475 0.7330861909175163 0.020756115641215715 0.024096385542168676
5 0.9088213491475167 0.6807228915662651 0.025203854707190512 0.028730305838739572
5 0.9191994069681245 0.6524559777571826 0.023721275018532245 0.027803521779425393
5 0.49740548554484804 0.5287303058387396 0.01927353595255745 0.023169601482854494
1 0.6782802075611564 0.07692307692307693 0.28169014084507044 0.1519925857275255
