0 0.2989566613162119 0.7502316960148285 0.048956661316211875 0.05282669138090825
0 0.39646869983948635 0.7956441149212233 0.05778491171749599 0.07506950880444857
0 0.43218298555377205 0.6380908248378128 0.048956661316211875 0.05468025949953661
0 0.3615569823434992 0.5185356811862836 0.040930979133226325 0.06209453197405004
0 0.31219903691813805 0.5264133456904542 0.02247191011235955 0.04633920296570899
0 0.28731942215088285 0.8577386468952733 0.03531300160513644 0.03429101019462465
6 0.35192616372391655 0.7599629286376274 0.21268057784911718 0.4448563484708063
2 0.44502407704654895 0.3118628359592215 0.05056179775280899 0.07692307692307693
4 0.5012038523274478 0.7608897126969416 0.9847512038523274 0.44670991658943465
4 0.7837078651685393 0.10936051899907322 0.35714285714285715 0.18535681186283595
2 0.5409309791332263 0.47914735866543096 0.08025682182985554 0.04819277108433735
