4 0.8177795655671762 0.7025023169601483 0.28881737731295254 0.494902687673772
6 0.37530168946098147 0.8164967562557924 0.2807723250201126 0.35588507877664505
0 0.5502815768302494 0.8016682113067656 0.02091713596138375 0.03892493049119555
0 0.18785197103781173 0.08619091751621873 0.03781174577634755 0.042632066728452274
0 0.20917135961383748 0.11399443929564411 0.038616251005631534 0.06487488415199258
0 0.14963797264682221 0.1274328081556997 0.02091713596138375 0.03243744207599629
0 0.008447304907481898 0.458758109360519 0.0056315366049879325 0.04448563484708063
0 0.048672566371681415 0.5662650602409639 0.029766693483507644 0.057460611677479144
1 0.0667739340305712 0.633920296570899 0.11906677393403058 0.5264133456904542
0 0.11021721641190668 0.6306765523632993 0.02252614641995173 0.03243744207599629
0 0.10217216411906678 0.7358665430954587 0.017699115044247787 0.03707136237256719
0 0.08688656476267095 0.8058387395736794 0.0997586484312148 0.05468025949953661
0 0.12308930008045052 0.7743280815569972 0.02091713596138375 0.025023169601482854
0 0.12107803700724054 0.3628359592215014 0.031375703942075624 0.082483781278962
0 0.1850362027353178 0.31371640407784984 0.03700724054706356 0.056533827618164965
0 0.10458567980691874 0.16728452270620944 0.03378921962992759 0.04170528266913809
2 0.21238938053097345 0.40639481000926786 0.02413515687851971 0.03243744207599629
2 0.24215607401448108 0.39527340129749766 0.032180209171359615 0.03429101019462465
2 0.2614641995172969 0.4128822984244671 0.017699115044247787 0.03243744207599629
2 0.26548672566371684 0.44439295644114923 0.019308125502815767 0.03429101019462465
2 0.22807723250201126 0.46107506950880445 0.0249396621078037 0.025023169601482854
2 0.17618664521319388 0.4448563484708063 0.02252614641995173 0.03151065801668211
2 0.18543845534995979 0.4995366079703429 0.02654867256637168 0.03151065801668211
2 0.17739340305711987 0.5750695088044485 0.0249396621078037 0.030583873957367932
2 0.23612228479485117 0.19925857275254866 0.02654867256637168 0.025949953660797033
2 0.22204344328238135 0.2293790546802595 0.016090104585679808 0.03429101019462465
2 0.20193081255028159 0.23493975903614459 0.02091713596138375 0.025023169601482854
2 0.166934835076428 0.1876737720111214 0.02815768302493966 0.03429101019462465
2 0.14561544650040226 0.18025949953660797 0.035398230088495575 0.028730305838739572
2 0.13193885760257443 0.20759962928637626 0.017699115044247787 0.033364226135310475
2 0.07160096540627514 0.21362372567191845 0.02574416733708769 0.06580166821130677
2 0.08728881737731295 0.14782205746061167 0.02654867256637168 0.03429101019462465
2 0.9460981496379727 0.7154772937905468 0.05631536604987932 0.06487488415199258
2 0.9617860016090105 0.6047265987025023 0.03459372485921158 0.03985171455050973
