5 0.17086730911786507 0.6668211306765524 0.048183839881393624 0.05282669138090825
5 0.14343958487768718 0.7395736793327155 0.054114158636026685 0.07043558850787766
5 0.08895478131949593 0.7961075069508804 0.0385470719051149 0.05375347544022243
5 0.08561897702001482 0.8864689527340129 0.04225352112676056 0.06209453197405004
5 0.12638991845811712 0.8521779425393883 0.03039288361749444 0.03429101019462465
5 0.43773165307635287 0.7340129749768304 0.06449221645663454 0.09453197405004633
5 0.47368421052631576 0.6445783132530121 0.023721275018532245 0.03614457831325301
5 0.5326167531504818 0.5268767377201112 0.028910303928836176 0.030583873957367932
5 0.5822831727205338 0.5231696014828545 0.022979985174203115 0.03429101019462465
5 0.6085989621942179 0.5551436515291936 0.020756115641215715 0.025949953660797033
5 0.6123054114158636 0.5973123262279889 0.031134173461823574 0.04170528266913809
5 0.5622683469236471 0.8827618164967562 0.033358042994810974 0.03429101019462465
5 0.30355819125277983 0.9318813716404077 0.02446256486286138 0.03614457831325301
5 0.37175685693106003 0.932808155699722 0.028910303928836176 0.037998146431881374
5 0.42661230541141587 0.9731232622798888 0.03187546330615271 0.04633920296570899
5 0.10489251297257228 0.928174235403151 0.025945144551519646 0.028730305838739572
0 0.8206078576723499 0.2715477293790547 0.05485544848035582 0.04633920296570899
0 0.7627872498146775 0.3253012048192771 0.0385470719051149 0.042632066728452274
0 0.6708673091178651 0.32344763670064874 0.029651593773165306 0.03521779425393883
0 0.7101556708673091 0.24096385542168675 0.0340993328391401 0.06302131603336422
0 0.6853224610822831 0.2511584800741427 0.025945144551519646 0.06302131603336422
0 0.7505559673832468 0.16265060240963855 0.021497405485544848 0.030583873957367932
0 0.7924388435878429 0.2020389249304912 0.037064492216456635 0.06487488415199258
0 0.7616753150481839 0.21408711770157554 0.0363232023721275 0.04448563484708063
0 0.7542624166048925 0.25996292863762743 0.05114899925871016 0.056533827618164965
0 0.85470719051149 0.10797034291010195 0.07561156412157154 0.08989805375347544
0 0.7238695329873981 0.17516218721038 0.028910303928836176 0.04448563484708063
0 0.6742031134173462 0.11353104726598702 0.034840622683469234 0.03985171455050973
0 0.6460340993328392 0.05375347544022243 0.04670126019273536 0.03892493049119555
0 0.46071163825055594 0.12326227988878591 0.02742772424017791 0.03151065801668211
0 0.5463306152705708 0.08619091751621873 0.026686434395848776 0.025949953660797033
0 0.9414381022979985 0.6575532900834106 0.04002965159377316 0.05838739573679333
0 0.9336545589325427 0.7247451343836886 0.05263157894736842 0.0685820203892493
0 0.876945885841364 0.767840593141798 0.0385470719051149 0.06209453197405004
0 0.8206078576723499 0.8354958294717331 0.02223869532987398 0.025023169601482854
0 0.846182357301705 0.4281742354031511 0.015567086730911787 0.018535681186283594
0 0.5930318754633062 0.24189063948100092 0.020756115641215715 0.024096385542168676
0 0.7635285396590067 0.1278962001853568 0.017790956263899184 0.025949953660797033
0 0.10822831727205337 0.8429101019462465 0.12157153446997776 0.22335495829471733
0 0.1441808747220163 0.6848934198331789 0.11045218680504076 0.08897126969416126
5 0.7297998517420311 0.9800741427247451 0.03039288361749444 0.03243744207599629
5 0.9414381022979985 0.7970342910101946 0.017790956263899184 0.027803521779425393
5 0.9703484062268347 0.7701575532900834 0.020756115641215715 0.029657089898053754
5 0.3220904373610082 0.9726598702502317 0.05114899925871016 0.03614457831325301
1 0.20644922164566346 0.8368860055607044 0.08969607116382505 0.16311399443929564
3 0.18680504077094143 0.3086190917516219 0.36916234247590807 0.5912882298424467
0 0.8421052631578947 0.8911028730305839 0.020756115641215715 0.04170528266913809
0 0.7705707931801334 0.7905468025949953 0.018532246108228317 0.025949953660797033
0 0.8610081541882876 0.6765523632993512 0.02742772424017791 0.04077849860982391
0 0.8339510748702743 0.6691380908248378 0.020756115641215715 0.022242817423540315
5 0.910303928836175 0.8164967562557924 0.02223869532987398 0.033364226135310475
