0 0.4395848776871757 0.03429101019462465 0.03558191252779837 0.057460611677479144
0 0.4733135656041512 0.06997219647822057 0.02001482579688658 0.030583873957367932
0 0.5107487027427724 0.03104726598702502 0.02223869532987398 0.03429101019462465
0 0.4899925871015567 0.07553290083410566 0.013343217197924388 0.028730305838739572
0 0.5126019273535952 0.10240963855421686 0.03039288361749444 0.04355885078776645
0 0.5218680504077094 0.1468952734012975 0.031134173461823574 0.028730305838739572
0 0.4985174203113417 0.19230769230769232 0.0363232023721275 0.06765523632993513
0 0.5337286879169756 0.21223354958294718 0.017790956263899184 0.033364226135310475
0 0.3302446256486286 0.20852641334569044 0.04670126019273536 0.06487488415199258
0 0.6067457375833951 0.366079703429101 0.060044477390659746 0.11862835959221502
0 0.6126760563380281 0.4462465245597776 0.02742772424017791 0.04541241890639481
0 0.6423276501111935 0.4151992585727525 0.025945144551519646 0.029657089898053754
0 0.6656782802075611 0.4355885078776645 0.02223869532987398 0.024096385542168676
0 0.6571534469977761 0.4976830398517145 0.02742772424017791 0.03892493049119555
0 0.6819866567828021 0.45968489341983315 0.026686434395848776 0.014828544949026877
0 0.6968124536693847 0.3674698795180723 0.028169014084507043 0.047265987025023166
0 0.7183098591549296 0.4128822984244671 0.031134173461823574 0.060240963855421686
0 0.6697553743513713 0.3290083410565338 0.02446256486286138 0.04077849860982391
1 0.09414381022979985 0.7284522706209453 0.1793921423276501 0.5004633920296571
5 0.1397331356560415 0.5166821130676552 0.03187546330615271 0.04355885078776645
5 0.24091919940696813 0.5917516218721038 0.01927353595255745 0.03243744207599629
5 0.2631578947368421 0.5806302131603337 0.031134173461823574 0.03614457831325301
5 0.5140845070422535 0.8053753475440223 0.05263157894736842 0.13901760889712697
5 0.6360266864343959 0.9462465245597775 0.04447739065974796 0.061167747914735865
5 0.6819866567828021 0.9221501390176089 0.04744255003706449 0.0778498609823911
5 0.6430689399555226 0.7405004633920297 0.028910303928836176 0.03892493049119555
5 0.6482579688658265 0.8447636700648748 0.022979985174203115 0.04355885078776645
0 0.8847294292068199 0.6677479147358666 0.04225352112676056 0.04170528266913809
0 0.963306152705708 0.6617238183503243 0.025945144551519646 0.051899907321594066
0 0.9280948851000741 0.7103799814643188 0.031134173461823574 0.030583873957367932
0 0.9525574499629355 0.7349397590361446 0.028169014084507043 0.03151065801668211
0 0.8925129725722758 0.7775718257645968 0.0681986656782802 0.03892493049119555
3 0.7868791697553743 0.6320667284522706 0.35804299481097107 0.5764596848934198
3 0.36916234247590807 0.6811862835959221 0.30096367679762787 0.49675625579240035
5 0.14343958487768718 0.08109360518999073 0.1949592290585619 0.1603336422613531
0 0.7805782060785768 0.04494902687673772 0.050407709414381024 0.07506950880444857
5 0.29280948851000743 0.5092678405931418 0.037064492216456635 0.08804448563484708
5 0.31986656782802075 0.6663577386468953 0.034840622683469234 0.06487488415199258
