4 0.5733876945885842 0.22752548656163113 0.09710896960711639 0.13623725671918444
0 0.49962935507783546 0.26413345690454126 0.03558191252779837 0.04448563484708063
0 0.5355819125277984 0.2548656163113994 0.02446256486286138 0.03892493049119555
0 0.5237212750185323 0.3873957367933272 0.03039288361749444 0.06302131603336422
5 0.3554484803558191 0.13160333642261354 0.048183839881393624 0.05004633920296571
5 0.2935507783543366 0.05329008341056534 0.029651593773165306 0.05838739573679333
5 0.2731653076352854 0.0968489341983318 0.015567086730911787 0.03243744207599629
5 0.30541141586360265 0.1102873030583874 0.023721275018532245 0.03707136237256719
5 0.30207561156412155 0.1835032437442076 0.021497405485544848 0.05004633920296571
5 0.26389918458117123 0.20250231696014828 0.031134173461823574 0.03429101019462465
5 0.22275759822090438 0.17191844300278036 0.015567086730911787 0.03429101019462465
5 0.1994069681245367 0.35078776645041704 0.18977020014825796 0.3716404077849861
5 0.37546330615270573 0.654772937905468 0.1356560415122313 0.13253012048192772
5 0.8042994810971089 0.8901760889712697 0.17197924388435878 0.21223354958294718
0 0.9773906597479615 0.31371640407784984 0.03187546330615271 0.06765523632993513
5 0.9054855448480356 0.5514365152919369 0.04373610081541883 0.051899907321594066
5 0.9747961452928094 0.5171455050973123 0.023721275018532245 0.03521779425393883
1 0.13269088213491476 0.8044485634847081 0.24017790956263899 0.3540315106580167
5 0.2379540400296516 0.11631139944392957 0.025203854707190512 0.05468025949953661
