4 0.28687916975537436 0.15477293790546803 0.4447739065974796 0.29101019462465244
5 0.7798369162342476 0.8206672845227062 0.14084507042253522 0.18628359592215013
5 0.5696812453669384 0.664967562557924 0.09414381022979985 0.12140871177015755
5 0.8873239436619719 0.4114921223354958 0.04892512972572276 0.04633920296570899
5 0.9392142327650111 0.4355885078776645 0.05337286879169755 0.057460611677479144
4 0.924759080800593 0.5658016682113067 0.060044477390659746 0.12882298424467098
0 0.6004447739065975 0.5092678405931418 0.042994810971089696 0.05838739573679333
0 0.9766493699036323 0.48887859128822986 0.03187546330615271 0.05282669138090825
0 0.9818383988139362 0.5903614457831325 0.028910303928836176 0.03892493049119555
0 0.9788732394366197 0.6927710843373494 0.03780578206078577 0.12511584800741427
0 0.8439584877687175 0.9847080630213161 0.028910303928836176 0.019462465245597776
0 0.8728687916975537 0.9397590361445783 0.01111934766493699 0.025949953660797033
