5 0.5063009636767977 0.3359592215013902 0.0385470719051149 0.056533827618164965
5 0.49740548554484804 0.4138090824837813 0.050407709414381024 0.047265987025023166
0 0.6123054114158636 0.6278962001853569 0.072646404744255 0.09545875810936053
0 0.5826538176426983 0.6821130676552364 0.04002965159377316 0.042632066728452274
0 0.5129725722757599 0.6969416126042632 0.037064492216456635 0.042632066728452274
0 0.4903632320237213 0.7571825764596849 0.02742772424017791 0.03892493049119555
0 0.5214974054855448 0.7363299351251158 0.02742772424017791 0.03243744207599629
0 0.5111193476649369 0.7974976830398517 0.028910303928836176 0.05097312326227989
0 0.6226834692364714 0.7618164967562558 0.0385470719051149 0.04077849860982391
0 0.5941438102297999 0.7924003707136237 0.02446256486286138 0.04819277108433735
0 0.6604892512972572 0.876274328081557 0.04002965159377316 0.047265987025023166
0 0.6193476649369903 0.9184430027803522 0.0452186805040771 0.05004633920296571
0 0.561527057079318 0.9249304911955515 0.06597479614529281 0.03892493049119555
0 0.2983691623424759 0.4712696941612604 0.03039288361749444 0.03985171455050973
0 0.3510007412898443 0.4355885078776645 0.04225352112676056 0.06302131603336422
0 0.4558932542624166 0.3113994439295644 0.029651593773165306 0.07228915662650602
0 0.38472942920681985 0.1932344763670065 0.04892512972572276 0.07877664504170528
0 0.3395107487027428 0.10426320667284522 0.0681986656782802 0.05468025949953661
0 0.3713862120088955 0.037998146431881374 0.0340993328391401 0.05931417979610751
0 0.17346182357301704 0.170064874884152 0.01927353595255745 0.03243744207599629
0 0.13380281690140844 0.3123262279888786 0.04373610081541883 0.042632066728452274
0 0.1134173461823573 0.5509731232622799 0.05782060785767235 0.06580166821130677
5 0.2857672349888806 0.7117701575532901 0.02742772424017791 0.03707136237256719
5 0.37249814677538917 0.6927710843373494 0.02446256486286138 0.03429101019462465
0 0.45292809488510005 0.5319740500463392 0.029651593773165306 0.0685820203892493
0 0.4955522609340252 0.5148285449490269 0.02446256486286138 0.04170528266913809
0 0.536693847294292 0.5004633920296571 0.01630837657524092 0.03892493049119555
0 0.5352112676056338 0.5449490268767377 0.05485544848035582 0.07043558850787766
0 0.6234247590808006 0.4911955514365153 0.04002965159377316 0.07228915662650602
0 0.5804299481097109 0.3897126969416126 0.029651593773165306 0.030583873957367932
0 0.5737583395107487 0.45273401297497684 0.03558191252779837 0.05282669138090825
5 0.5593031875463306 0.314643188137164 0.03187546330615271 0.07506950880444857
5 0.656412157153447 0.22798887859128822 0.028910303928836176 0.042632066728452274
5 0.6449221645663454 0.29147358665430956 0.05782060785767235 0.06765523632993513
5 0.700889547813195 0.35032437442076 0.02742772424017791 0.04448563484708063
0 0.7809488510007413 0.30444856348470806 0.04225352112676056 0.05097312326227989
0 0.8358042994810971 0.39759036144578314 0.08080059303187546 0.03892493049119555
5 0.8647146034099333 0.7238183503243745 0.028910303928836176 0.04077849860982391
0 0.26945885841363976 0.5996292863762743 0.04670126019273536 0.06672845227062095
0 0.16679021497405486 0.7034291010194624 0.06523350630096368 0.07228915662650602
5 0.26464047442550037 0.8387395736793327 0.0340993328391401 0.03707136237256719
5 0.5389177168272795 0.027803521779425393 0.09191994069681246 0.05004633920296571
5 0.7379540400296516 0.018999073215940687 0.06893995552260934 0.03243744207599629
