4 0.6097108969607117 0.2511584800741427 0.5166790214974055 0.4448563484708063
0 0.6045218680504078 0.037998146431881374 0.06745737583395107 0.05375347544022243
0 0.6515937731653076 0.1010194624652456 0.05189028910303929 0.06672845227062095
0 0.801704966641957 0.4406858202038925 0.09414381022979985 0.08063021316033364
0 0.7338769458858414 0.5764596848934198 0.05189028910303929 0.051899907321594066
0 0.7638991845811712 0.6974050046339203 0.060044477390659746 0.12882298424467098
0 0.6556708673091178 0.5806302131603337 0.04373610081541883 0.03614457831325301
0 0.8257968865826538 0.892029657089898 0.05485544848035582 0.05838739573679333
1 0.17642698295033357 0.9263206672845227 0.21052631578947367 0.12326227988878591
3 0.5474425500370645 0.6570898980537535 0.7672349888806523 0.6061167747914736
