0 0.5559673832468495 0.3359592215013902 0.14825796886582654 0.1010194624652456
0 0.4381022979985174 0.2057460611677479 0.04151223128243143 0.03892493049119555
0 0.3476649369903632 0.08758109360519 0.14232765011119347 0.0639481000926784
0 0.2412898443291327 0.13113994439295645 0.03187546330615271 0.030583873957367932
0 0.1949592290585619 0.4114921223354958 0.05930318754633061 0.05004633920296571
5 0.8098591549295775 0.09360518999073215 0.034840622683469234 0.04448563484708063
5 0.8372868791697554 0.24189063948100092 0.061527057079318014 0.12233549582947173
0 0.8650852483320979 0.08665430954587582 0.1067457375833951 0.1195551436515292
0 0.8713862120088954 0.20528266913809082 0.061527057079318014 0.1195551436515292
5 0.9002965159377316 0.41890639481000924 0.05856189770200148 0.12974976830398516
5 0.9058561897702001 0.6075069508804448 0.031134173461823574 0.05468025949953661
0 0.933283914010378 0.5588507877664504 0.023721275018532245 0.042632066728452274
0 0.6241660489251297 0.025949953660797033 0.05782060785767235 0.05004633920296571
0 0.704225352112676 0.0319740500463392 0.08598962194217939 0.05468025949953661
0 0.7223869532987398 0.08433734939759036 0.025945144551519646 0.029657089898053754
0 0.7016308376575241 0.12696941612604262 0.028910303928836176 0.04633920296570899
0 0.7438843587842846 0.12650602409638553 0.028910303928836176 0.030583873957367932
5 0.5370644922164566 0.06302131603336422 0.048183839881393624 0.04448563484708063
0 0.5737583395107487 0.037534754402224285 0.02223869532987398 0.03429101019462465
0 0.47553743513713864 0.052363299351251155 0.05114899925871016 0.030583873957367932
0 0.2805782060785767 0.44300278035217794 0.021497405485544848 0.04448563484708063
0 0.34062268346923646 0.314643188137164 0.02742772424017791 0.030583873957367932
0 0.5737583395107487 0.623725671918443 0.05485544848035582 0.05931417979610751
0 0.47998517420311343 0.5597775718257646 0.028910303928836176 0.04819277108433735
0 0.5244625648628614 0.48378127896200185 0.02742772424017791 0.024096385542168676
5 0.38917716827279464 0.91241890639481 0.0340993328391401 0.03429101019462465
5 0.37842846553002224 0.9513438368860055 0.0363232023721275 0.030583873957367932
0 0.2809488510007413 0.5301204819277109 0.04002965159377316 0.08897126969416126
0 0.28502594514455154 0.597775718257646 0.025945144551519646 0.03892493049119555
0 0.2524091919940697 0.6482854494902688 0.028910303928836176 0.07506950880444857
0 0.2872498146775389 0.2205746061167748 0.03039288361749444 0.03707136237256719
0 0.3031875463306153 0.25996292863762743 0.017790956263899184 0.026876737720111215
0 0.3380281690140845 0.24976830398517144 0.01630837657524092 0.030583873957367932
0 0.3506300963676798 0.2205746061167748 0.01927353595255745 0.024096385542168676
0 0.6819866567828021 0.34522706209453197 0.01927353595255745 0.030583873957367932
0 0.25648628613787994 0.09453197405004633 0.031134173461823574 0.025949953660797033
