5 0.3506300963676798 0.7196478220574606 0.21793921423276502 0.2845227062094532
5 0.6289844329132691 0.46570898980537534 0.1134173461823573 0.1417979610750695
5 0.8306152705707932 0.17284522706209454 0.10748702742772424 0.1195551436515292
0 0.799110452186805 0.5690454124189064 0.025203854707190512 0.03892493049119555
0 0.8421052631578947 0.5708989805375347 0.025203854707190512 0.051899907321594066
0 0.9792438843587843 0.6075069508804448 0.037064492216456635 0.056533827618164965
0 0.712008895478132 0.7154772937905468 0.018532246108228317 0.033364226135310475
4 0.93587842846553 0.5634847080630213 0.10600444773906598 0.11121408711770157
4 0.4065974796145293 0.15384615384615385 0.7464788732394366 0.2965708989805375
4 0.6085989621942179 0.8225208526413346 0.1245366938472943 0.29564411492122333
5 0.5733876945885842 0.9096385542168675 0.028910303928836176 0.082483781278962
5 0.33098591549295775 0.933271547729379 0.07338769458858414 0.06487488415199258
1 0.1156412157153447 0.7859128822984245 0.20607857672349889 0.3985171455050973
