0 0.14084507042253522 0.06765523632993513 0.028169014084507043 0.03892493049119555
0 0.22053372868791699 0.08016682113067655 0.05559673832468495 0.07136237256719184
0 0.09191994069681246 0.16728452270620944 0.01927353595255745 0.030583873957367932
0 0.08932542624166048 0.2344763670064875 0.014084507042253521 0.025949953660797033
0 0.21163825055596738 0.5593141797961075 0.021497405485544848 0.023169601482854494
0 0.2268346923647146 0.5806302131603337 0.023721275018532245 0.03243744207599629
5 0.21645663454410674 0.566728452270621 0.042994810971089696 0.0639481000926784
0 0.251297257227576 0.6102873030583874 0.025203854707190512 0.03429101019462465
0 0.2809488510007413 0.592678405931418 0.031134173461823574 0.030583873957367932
0 0.1905114899925871 0.6807228915662651 0.02223869532987398 0.03614457831325301
0 0.06745737583395107 0.7029657089898054 0.04892512972572276 0.056533827618164965
0 0.08821349147516679 0.6631139944392956 0.025203854707190512 0.03243744207599629
0 0.1134173461823573 0.7400370713623726 0.02223869532987398 0.03429101019462465
0 0.4255003706449222 0.8595922150139017 0.028169014084507043 0.04355885078776645
0 0.4714603409933284 0.881371640407785 0.029651593773165306 0.03521779425393883
0 0.5140845070422535 0.870713623725672 0.02742772424017791 0.04355885078776645
0 0.4870274277242402 0.9291010194624653 0.025203854707190512 0.030583873957367932
0 0.5552260934025204 0.8785912882298424 0.03261675315048184 0.03892493049119555
0 0.6430689399555226 0.8160333642261353 0.028910303928836176 0.03985171455050973
0 0.617123795404003 0.9805375347544022 0.033358042994810974 0.025949953660797033
0 0.8476649369903633 0.9633920296570899 0.04225352112676056 0.047265987025023166
0 0.7498146775389177 0.5644114921223355 0.022979985174203115 0.03521779425393883
0 0.7594514455151964 0.6037998146431881 0.0363232023721275 0.03985171455050973
0 0.7327650111193477 0.7205746061167748 0.03039288361749444 0.060240963855421686
0 0.7609340252038547 0.7974976830398517 0.03187546330615271 0.05468025949953661
0 0.5767234988880652 0.67516218721038 0.06375092661230541 0.06580166821130677
0 0.45663454410674575 0.6065801668211307 0.05337286879169755 0.04170528266913809
0 0.32987398072646407 0.5240963855421686 0.02223869532987398 0.04541241890639481
0 0.36953298739807267 0.4763670064874884 0.03039288361749444 0.04077849860982391
0 0.4525574499629355 0.36932344763670066 0.03187546330615271 0.025023169601482854
0 0.3795404002965159 0.3623725671918443 0.01630837657524092 0.025949953660797033
0 0.4043736100815419 0.3790546802594995 0.01704966641957005 0.024096385542168676
0 0.4351371386212009 0.3387395736793327 0.029651593773165306 0.03429101019462465
0 0.4696071163825056 0.2803521779425394 0.02001482579688658 0.025023169601482854
0 0.5226093402520385 0.2845227062094532 0.0385470719051149 0.025949953660797033
0 0.519644180874722 0.41056533827618164 0.05189028910303929 0.042632066728452274
0 0.5793180133432172 0.38229842446709916 0.02001482579688658 0.021316033364226137
0 0.5607857672349889 0.2284522706209453 0.02001482579688658 0.025023169601482854
0 0.6882876204595997 0.22196478220574606 0.21719792438843588 0.030583873957367932
0 0.9036323202372127 0.24142724745134383 0.06375092661230541 0.04355885078776645
0 0.9451445515196442 0.20111214087117701 0.020756115641215715 0.03707136237256719
0 0.7909562638991846 0.32715477293790546 0.01927353595255745 0.027803521779425393
0 0.6530763528539659 0.5810936051899908 0.03261675315048184 0.024096385542168676
4 0.5689399555226093 0.6070435588507878 0.1267605633802817 0.09267840593141798
