2 0.3395107487027428 0.5157553290083411 0.12157153446997776 0.13623725671918444
5 0.7453669384729429 0.1056533827618165 0.040770941438102296 0.04633920296570899
5 0.9088213491475167 0.7414272474513438 0.04002965159377316 0.04448563484708063
5 0.9796145292809488 0.7066728452270621 0.025945144551519646 0.04541241890639481
0 0.17753891771682728 0.44670991658943465 0.021497405485544848 0.05004633920296571
0 0.22757598220904374 0.366079703429101 0.03261675315048184 0.03707136237256719
0 0.12713120830244626 0.47914735866543096 0.02742772424017791 0.05375347544022243
0 0.6041512231282431 0.5787766450417052 0.031134173461823574 0.04541241890639481
0 0.6137879911045219 0.602873030583874 0.028169014084507043 0.019462465245597776
0 0.689770200148258 0.6404077849860983 0.060044477390659746 0.10936051899907322
0 0.5967383246849518 0.6969416126042632 0.06968124536693847 0.06487488415199258
0 0.5448480355819125 0.6417979610750695 0.031134173461823574 0.03243744207599629
0 0.5237212750185323 0.705746061167748 0.04373610081541883 0.047265987025023166
0 0.3776871756856931 0.6070435588507878 0.02446256486286138 0.033364226135310475
