4 0.84765625 0.8116319444444444 0.18229166666666666 0.2204861111111111
6 0.6608072916666666 0.8315972222222222 0.20703125 0.18055555555555555
0 0.39453125 0.6085069444444444 0.059895833333333336 0.0642361111111111
0 0.3743489583333333 0.7725694444444444 0.07161458333333333 0.06597222222222222
0 0.6569010416666666 0.17100694444444445 0.03515625 0.03993055555555555
0 0.640625 0.2248263888888889 0.059895833333333336 0.06770833333333333
0 0.595703125 0.24913194444444445 0.040364583333333336 0.06770833333333333
0 0.509765625 0.3550347222222222 0.055989583333333336 0.06076388888888889
0 0.39453125 0.5086805555555556 0.033854166666666664 0.04861111111111111
0 0.478515625 0.4166666666666667 0.024739583333333332 0.04513888888888889
0 0.67578125 0.8741319444444444 0.15885416666666666 0.0920138888888889
