4 0.1711378353376503 0.22215346534653466 0.28862164662349676 0.2908415841584158
4 0.9352451433857539 0.13613861386138615 0.10730804810360776 0.2301980198019802
6 0.8593894542090657 0.44616336633663367 0.23681776133209992 0.870049504950495
0 0.8940795559666975 0.6113861386138614 0.0730804810360777 0.10396039603960396
0 0.8612395929694727 0.09962871287128713 0.13506012950971322 0.16212871287128713
6 0.6410730804810361 0.05754950495049505 0.44033302497687327 0.10024752475247525
6 0.1452358926919519 0.06745049504950495 0.2590194264569843 0.12004950495049505
6 0.7761332099907493 0.9034653465346535 0.24976873265494912 0.1608910891089109
4 0.07169287696577244 0.8316831683168316 0.1211840888066605 0.30445544554455445
4 0.33024976873265494 0.08972772277227722 0.2294172062904718 0.1373762376237624
2 0.5009250693802035 0.5037128712871287 0.041628122109158186 0.05198019801980198
