3 0.5703125 0.396484375 0.8359375 0.79296875
1 0.5 0.86328125 0.9921875 0.26953125
1 0.05078125 0.3505859375 0.09375 0.697265625
1 0.1923828125 0.04296875 0.185546875 0.0859375
1 0.2099609375 0.5263671875 0.150390625 0.220703125
2 0.21875 0.546875 0.203125 0.30078125
2 0.4501953125 0.6083984375 0.072265625 0.134765625
2 0.640625 0.5126953125 0.046875 0.052734375
2 0.3759765625 0.3642578125 0.060546875 0.056640625
2 0.3857421875 0.5478515625 0.025390625 0.064453125
2 0.4130859375 0.7861328125 0.458984375 0.126953125
2 0.091796875 0.3984375 0.1015625 0.6171875
2 0.7548828125 0.7421875 0.201171875 0.1328125
