0 0.38843587842846555 0.37766450417052827 0.037064492216456635 0.04170528266913809
0 0.6460340993328392 0.4995366079703429 0.040770941438102296 0.08155699721964782
0 0.614529280948851 0.5560704355885079 0.05189028910303929 0.07599629286376275
0 0.5719051148999259 0.6232622798887859 0.021497405485544848 0.030583873957367932
0 0.5300222386953298 0.6612604263206673 0.020756115641215715 0.03429101019462465
0 0.3832468495181616 0.4161260426320667 0.02223869532987398 0.022242817423540315
0 0.3825055596738325 0.448563484708063 0.017790956263899184 0.022242817423540315
0 0.5326167531504818 0.3827618164967563 0.018532246108228317 0.024096385542168676
0 0.42809488510007415 0.037534754402224285 0.03780578206078577 0.05468025949953661
0 0.6957005189028911 0.04772937905468026 0.021497405485544848 0.037998146431881374
0 0.888065233506301 0.0639481000926784 0.03261675315048184 0.033364226135310475
0 0.3876945885841364 0.2571825764596849 0.0385470719051149 0.03429101019462465
0 0.42920681986656783 0.2873030583873957 0.04002965159377316 0.029657089898053754
0 0.4217939214232765 0.18906394810009267 0.02223869532987398 0.022242817423540315
1 0.14529280948851 0.7849860982391103 0.28910303928836173 0.4263206672845227
5 0.26723498888065234 0.04958294717330862 0.028910303928836176 0.030583873957367932
5 0.8754633061527057 0.2882298424467099 0.017790956263899184 0.03151065801668211
