4 0.6901408450704225 0.6631139944392956 0.07412898443291327 0.0732159406858202
4 0.09191994069681246 0.08341056533827618 0.14084507042253522 0.1464318813716404
0 0.24017790956263899 0.1974050046339203 0.031134173461823574 0.029657089898053754
0 0.259822090437361 0.24467099165894346 0.021497405485544848 0.04077849860982391
0 0.2765011119347665 0.1422613531047266 0.01927353595255745 0.028730305838739572
0 0.301704966641957 0.18025949953660797 0.017790956263899184 0.019462465245597776
0 0.35322461082283174 0.18211306765523633 0.08228317272053373 0.0732159406858202
0 0.3617494440326168 0.22381835032437442 0.020756115641215715 0.026876737720111215
0 0.3865826538176427 0.24420759962928637 0.022979985174203115 0.03429101019462465
0 0.14269829503335804 0.29240037071362374 0.039288361749444035 0.03429101019462465
0 0.1619718309859155 0.3623725671918443 0.025945144551519646 0.04448563484708063
0 0.02223869532987398 0.20250231696014828 0.028169014084507043 0.03985171455050973
0 0.15455893254262418 0.21455050973123263 0.02742772424017791 0.03243744207599629
0 0.19421793921423278 0.04170528266913809 0.025203854707190512 0.025949953660797033
0 0.4351371386212009 0.10797034291010195 0.01630837657524092 0.03614457831325301
0 0.8543365455893255 0.2794253938832252 0.03039288361749444 0.03614457831325301
0 0.6767976278724982 0.37349397590361444 0.050407709414381024 0.03892493049119555
0 0.6208302446256486 0.4008341056533828 0.03187546330615271 0.03243744207599629
0 0.5763528539659006 0.422613531047266 0.02446256486286138 0.024096385542168676
0 0.5963676797627873 0.4281742354031511 0.025945144551519646 0.018535681186283594
0 0.5567086730911787 0.4652455977757183 0.017790956263899184 0.016682113067655237
0 0.5648628613787992 0.4823911028730306 0.020756115641215715 0.030583873957367932
0 0.5978502594514455 0.4620018535681186 0.022979985174203115 0.021316033364226137
5 0.5581912527798369 0.4717330861909175 0.05782060785767235 0.05004633920296571
0 0.5470719051148999 0.5898980537534755 0.029651593773165306 0.04911955514365153
0 0.5237212750185323 0.6274328081556997 0.014084507042253521 0.022242817423540315
0 0.4933283914010378 0.6556997219647822 0.01704966641957005 0.023169601482854494
0 0.583765752409192 0.6779425393883225 0.022979985174203115 0.03614457831325301
0 0.3995552260934025 0.6519925857275255 0.01927353595255745 0.017608897126969416
0 0.40585618977020016 0.6788693234476367 0.01704966641957005 0.023169601482854494
0 0.3865826538176427 0.7071362372567191 0.02001482579688658 0.020389249304911955
5 0.4062268346923647 0.6705282669138091 0.04744255003706449 0.05838739573679333
5 0.2842846553002224 0.8081556997219648 0.07042253521126761 0.08897126969416126
0 0.27724240177909565 0.7669138090824837 0.014825796886582653 0.023169601482854494
0 0.2872498146775389 0.7873030583873958 0.01704966641957005 0.019462465245597776
0 0.2635285396590067 0.840129749768304 0.05856189770200148 0.06765523632993513
0 0.6338028169014085 0.922613531047266 0.04151223128243143 0.06209453197405004
0 0.5140845070422535 0.9105653382761817 0.025945144551519646 0.030583873957367932
0 0.7123795404002965 0.8795180722891566 0.056338028169014086 0.03707136237256719
0 0.757227575982209 0.8280815569972196 0.02446256486286138 0.037998146431881374
0 0.9210526315789473 0.8985171455050973 0.028910303928836176 0.026876737720111215
0 0.6853224610822831 0.7228915662650602 0.01704966641957005 0.025949953660797033
0 0.7123795404002965 0.7103799814643188 0.023721275018532245 0.028730305838739572
0 0.7542624166048925 0.6404077849860983 0.021497405485544848 0.022242817423540315
0 0.8346923647146034 0.6102873030583874 0.01927353595255745 0.026876737720111215
0 0.8391401037805782 0.628822984244671 0.020756115641215715 0.026876737720111215
