2 0.49962935507783546 0.5004633920296571 0.9948109710896961 0.995366079703429
0 0.33728687916975536 0.2761816496756256 0.06226834692364715 0.08897126969416126
0 0.24647887323943662 0.2567191844300278 0.03187546330615271 0.09823911028730306
0 0.28799110452186805 0.32252085264133457 0.0452186805040771 0.21316033364226136
0 0.13306152705707933 0.31047265987025024 0.13269088213491476 0.3707136237256719
0 0.12008895478131949 0.5477293790546802 0.10081541882876205 0.07970342910101946
0 0.20830244625648628 0.14735866543095458 0.056338028169014086 0.12418906394810009
0 0.2664936990363232 0.10055607043558851 0.0363232023721275 0.03429101019462465
0 0.21200889547813195 0.3456904541241891 0.017790956263899184 0.04633920296570899
0 0.2490733876945886 0.4531974050046339 0.05337286879169755 0.07228915662650602
0 0.3283914010378058 0.3707136237256719 0.03558191252779837 0.05560704355885079
