5 0.2828020756115641 0.7381835032437442 0.10155670867309118 0.20667284522706209
5 0.3080059303187546 0.0871177015755329 0.04966641957005189 0.051899907321594066
5 0.3094885100074129 0.14133456904541242 0.08673091178650852 0.060240963855421686
5 0.3109710896960712 0.21223354958294718 0.06745737583395107 0.07228915662650602
5 0.22720533728687917 0.30444856348470806 0.0452186805040771 0.0639481000926784
5 0.2475908080059303 0.25532900834105654 0.017790956263899184 0.030583873957367932
5 0.2746478873239437 0.25903614457831325 0.01704966641957005 0.021316033364226137
5 0.29799851742031136 0.2743280815569972 0.01630837657524092 0.03151065801668211
5 0.3202372127501853 0.26876737720111216 0.01927353595255745 0.025949953660797033
5 0.27538917716827277 0.29240037071362374 0.022979985174203115 0.03614457831325301
5 0.4369903632320237 0.16543095458758109 0.0363232023721275 0.03614457831325301
5 0.4095626389918458 0.22289156626506024 0.02742772424017791 0.037998146431881374
5 0.30541141586360265 0.303985171455051 0.017790956263899184 0.020389249304911955
5 0.2861378799110452 0.3535681186283596 0.04002965159377316 0.05838739573679333
5 0.3361749444032617 0.3493975903614458 0.028910303928836176 0.042632066728452274
5 0.24091919940696813 0.38368860055607046 0.031134173461823574 0.05004633920296571
5 0.2883617494440326 0.42863762743280814 0.04447739065974796 0.060240963855421686
5 0.536693847294292 0.5912882298424467 0.050407709414381024 0.06672845227062095
5 0.5822831727205338 0.6686746987951807 0.0452186805040771 0.05282669138090825
5 0.8780578206078576 0.4314179796107507 0.04225352112676056 0.060240963855421686
5 0.6319495922905857 0.44207599629286376 0.083765752409192 0.029657089898053754
5 0.6441808747220164 0.4865616311399444 0.06226834692364715 0.05004633920296571
5 0.8139362490733877 0.5231696014828545 0.0904373610081542 0.12882298424467098
5 0.9473684210526315 0.6677479147358666 0.05485544848035582 0.06580166821130677
5 0.42105263157894735 0.5963855421686747 0.04002965159377316 0.056533827618164965
5 0.40882134914751667 0.5097312326227988 0.04225352112676056 0.04819277108433735
5 0.46441808747220165 0.540778498609824 0.02742772424017791 0.04541241890639481
5 0.5070422535211268 0.32020389249304915 0.04151223128243143 0.0639481000926784
5 0.5500370644922165 0.2891566265060241 0.06078576723498888 0.06672845227062095
5 0.6137879911045219 0.23493975903614459 0.07561156412157154 0.06209453197405004
5 0.30207561156412155 0.8878591288229842 0.04966641957005189 0.04077849860982391
5 0.8358042994810971 0.7140871177015755 0.06300963676797627 0.03429101019462465
5 0.7171979243884359 0.4582947173308619 0.08673091178650852 0.11770157553290084
5 0.8346923647146034 0.4077849860982391 0.04151223128243143 0.05375347544022243
5 0.9225352112676056 0.44207599629286376 0.02742772424017791 0.033364226135310475
0 0.4514455151964418 0.2581093605189991 0.04002965159377316 0.056533827618164965
0 0.35174203113417346 0.5912882298424467 0.04373610081541883 0.14272474513438368
0 0.4369903632320237 0.907321594068582 0.03039288361749444 0.04633920296570899
0 0.449592290585619 0.9494902687673772 0.02742772424017791 0.030583873957367932
0 0.64529280948851 0.8989805375347544 0.03187546330615271 0.033364226135310475
0 0.6300963676797627 0.8155699721964782 0.017790956263899184 0.03151065801668211
0 0.7108969607116382 0.639017608897127 0.03558191252779837 0.05468025949953661
0 0.8580429948109711 0.5546802594995366 0.021497405485544848 0.037998146431881374
0 0.8602668643439585 0.6037998146431881 0.028910303928836176 0.060240963855421686
0 0.8973313565604151 0.5148285449490269 0.028910303928836176 0.06580166821130677
0 0.8595255744996294 0.6719184430027804 0.02446256486286138 0.025949953660797033
0 0.5748702742772424 0.504633920296571 0.04670126019273536 0.05097312326227989
0 0.5489251297257227 0.5417052826691381 0.028910303928836176 0.04355885078776645
0 0.10489251297257228 0.08665430954587582 0.03187546330615271 0.056533827618164965
0 0.15011119347664936 0.09406858202038924 0.0452186805040771 0.07877664504170528
0 0.1619718309859155 0.5528266913809082 0.03039288361749444 0.037998146431881374
0 0.18013343217197925 0.7381835032437442 0.0385470719051149 0.05468025949953661
0 0.008895478131949592 0.484708063021316 0.017790956263899184 0.029657089898053754
0 0.017420311341734617 0.5417052826691381 0.021497405485544848 0.03985171455050973
0 0.1234247590808006 0.4772937905468026 0.02742772424017791 0.024096385542168676
0 0.10600444773906598 0.5013901760889713 0.017790956263899184 0.03151065801668211
0 0.07190511489992588 0.4411492122335496 0.026686434395848776 0.03707136237256719
0 0.2357301704966642 0.18999073215940684 0.037064492216456635 0.051899907321594066
0 0.22386953298739806 0.14040778498609824 0.01927353595255745 0.030583873957367932
0 0.1916234247590808 0.2571825764596849 0.028910303928836176 0.026876737720111215
0 0.6875463306152706 0.6102873030583874 0.01111934766493699 0.019462465245597776
0 0.6619718309859155 0.706209453197405 0.020756115641215715 0.025949953660797033
0 0.6297257227575982 0.6844300278035218 0.021497405485544848 0.028730305838739572
0 0.45626389918458116 0.42910101946246526 0.02742772424017791 0.03151065801668211
5 0.027057079318013343 0.6232622798887859 0.03039288361749444 0.04170528266913809
5 0.04781319495922906 0.680259499536608 0.0363232023721275 0.04448563484708063
5 0.3680504077094144 0.9884151992585728 0.02742772424017791 0.019462465245597776
