4 0.4990234375 0.3134765625 0.994140625 0.623046875
5 0.8134765625 0.1357421875 0.044921875 0.041015625
5 0.2470703125 0.7294921875 0.044921875 0.052734375
5 0.5966796875 0.7626953125 0.056640625 0.185546875
5 0.7783203125 0.41015625 0.041015625 0.03515625
5 0.9658203125 0.5478515625 0.052734375 0.072265625
5 0.869140625 0.490234375 0.0546875 0.07421875
5 0.83203125 0.4375 0.046875 0.046875
5 0.3330078125 0.6328125 0.087890625 0.07421875
2 0.6064453125 0.94140625 0.126953125 0.08984375
2 0.10546875 0.9248046875 0.07421875 0.064453125
1 0.7939453125 0.9404296875 0.224609375 0.115234375
