3 0.5003706449221645 0.4995366079703429 0.9414381022979985 0.9212233549582948
0 0.09710896960711639 0.8952734012974977 0.03558191252779837 0.04448563484708063
0 0.1278724981467754 0.8957367933271547 0.025945144551519646 0.03614457831325301
0 0.1134173461823573 0.9267840593141798 0.03558191252779837 0.042632066728452274
0 0.14566345441067458 0.9309545875810936 0.028910303928836176 0.03429101019462465
0 0.24981467753891773 0.9791473586654309 0.050407709414381024 0.03429101019462465
2 0.25166790214974055 0.9763670064874884 0.04966641957005189 0.019462465245597776
0 0.02557449962935508 0.27201112140871175 0.02742772424017791 0.03429101019462465
0 0.02335063009636768 0.40176088971269697 0.025945144551519646 0.030583873957367932
0 0.10934025203854707 0.33688600556070436 0.033358042994810974 0.037998146431881374
0 0.13528539659006672 0.40268767377201115 0.03780578206078577 0.03985171455050973
0 0.06412157153446998 0.21084337349397592 0.02742772424017791 0.028730305838739572
0 0.09599703484062268 0.25023169601482853 0.0452186805040771 0.04633920296570899
0 0.13676797627872497 0.04309545875810936 0.06597479614529281 0.07692307692307693
0 0.1927353595255745 0.018999073215940687 0.025203854707190512 0.028730305838739572
0 0.22164566345441067 0.06626506024096386 0.01927353595255745 0.023169601482854494
0 0.11823573017049667 0.12233549582947173 0.039288361749444035 0.042632066728452274
0 0.2716827279466271 0.14411492122335495 0.05114899925871016 0.03243744207599629
0 0.2557449962935508 0.18443002780352177 0.025203854707190512 0.027803521779425393
0 0.24981467753891773 0.20852641334569044 0.037064492216456635 0.03151065801668211
0 0.3313565604151223 0.21455050973123263 0.03261675315048184 0.03614457831325301
0 0.3617494440326168 0.20713623725671917 0.0340993328391401 0.03429101019462465
0 0.3647146034099333 0.2391102873030584 0.042994810971089696 0.027803521779425393
0 0.3650852483320978 0.31417979610750696 0.06300963676797627 0.11306765523632993
0 0.45441067457375833 0.29564411492122333 0.05782060785767235 0.061167747914735865
0 0.4551519644180875 0.3985171455050973 0.017790956263899184 0.027803521779425393
0 0.45292809488510005 0.4318813716404078 0.029651593773165306 0.03892493049119555
0 0.48851000741289846 0.4267840593141798 0.03261675315048184 0.028730305838739572
0 0.5203854707190512 0.5064874884151993 0.0385470719051149 0.05097312326227989
0 0.45181616011860637 0.598239110287303 0.03039288361749444 0.03614457831325301
0 0.5989621942179392 0.3632993512511585 0.017790956263899184 0.022242817423540315
0 0.6645663454410674 0.43466172381835033 0.03187546330615271 0.024096385542168676
0 0.7928094885100074 0.4411492122335496 0.033358042994810974 0.027803521779425393
0 0.6779095626389918 0.5713623725671918 0.03039288361749444 0.030583873957367932
0 0.5852483320978502 0.6200185356811863 0.034840622683469234 0.042632066728452274
0 0.5189028910303929 0.09128822984244671 0.04151223128243143 0.03985171455050973
0 0.5885841363973313 0.09406858202038924 0.04151223128243143 0.05838739573679333
0 0.5696812453669384 0.11677479147358666 0.02446256486286138 0.022242817423540315
0 0.536693847294292 0.04216867469879518 0.025203854707190512 0.030583873957367932
0 0.5296515937731653 0.15940685820203893 0.02446256486286138 0.03892493049119555
0 0.3825055596738325 0.14411492122335495 0.031134173461823574 0.03614457831325301
0 0.34321719792438843 0.07367933271547729 0.05189028910303929 0.03614457831325301
0 0.35767234988880653 0.030120481927710843 0.048183839881393624 0.05097312326227989
0 0.41215715344699777 0.013438368860055607 0.0385470719051149 0.017608897126969416
0 0.9651593773165308 0.1784059314179796 0.03558191252779837 0.0732159406858202
4 0.7720533728687917 0.7349397590361446 0.3476649369903632 0.48378127896200185
