0 0.2698295033358043 0.04819277108433735 0.05930318754633061 0.07043558850787766
0 0.3302446256486286 0.018999073215940687 0.08969607116382505 0.03614457831325301
0 0.64529280948851 0.8104726598702502 0.0452186805040771 0.04170528266913809
0 0.7005189028910304 0.8364226135310473 0.023721275018532245 0.030583873957367932
0 0.670126019273536 0.4860982391102873 0.04002965159377316 0.037998146431881374
0 0.6441808747220164 0.5115848007414272 0.050407709414381024 0.04819277108433735
0 0.969236471460341 0.484708063021316 0.03039288361749444 0.05004633920296571
0 0.8624907338769459 0.6932344763670065 0.028910303928836176 0.07043558850787766
0 0.9418087472201631 0.6019462465245597 0.02742772424017791 0.03614457831325301
0 0.9251297257227576 0.669601482854495 0.0385470719051149 0.047265987025023166
0 0.9210526315789473 0.4161260426320667 0.033358042994810974 0.029657089898053754
0 0.39918458117123795 0.4606116774791474 0.039288361749444035 0.05004633920296571
0 0.4592290585618977 0.49351251158480075 0.08821349147516679 0.06765523632993513
0 0.47739065974796147 0.42075996292863765 0.072646404744255 0.0685820203892493
0 0.5340993328391401 0.26413345690454126 0.022979985174203115 0.03707136237256719
0 0.4859154929577465 0.24003707136237257 0.039288361749444035 0.04077849860982391
0 0.4570051890289103 0.17747914735866543 0.06745737583395107 0.0639481000926784
0 0.40548554484803556 0.36190917516218724 0.08302446256486286 0.08989805375347544
0 0.176056338028169 0.22984244670991658 0.028910303928836176 0.024096385542168676
0 0.134173461823573 0.16682113067655235 0.01927353595255745 0.022242817423540315
0 0.1816160118606375 0.1519925857275255 0.020756115641215715 0.022242817423540315
0 0.19421793921423278 0.05931417979610751 0.017790956263899184 0.024096385542168676
5 0.44329132690882134 0.5898980537534755 0.026686434395848776 0.11214087117701575
5 0.5882134914751668 0.4258572752548656 0.06300963676797627 0.10658016682113068
5 0.7212750185322461 0.3957367933271548 0.2134914751667902 0.11862835959221502
5 0.3476649369903632 0.23493975903614459 0.0770941438102298 0.08989805375347544
5 0.10007412898443291 0.4448563484708063 0.04151223128243143 0.04448563484708063
5 0.09488510007412898 0.5064874884151993 0.0385470719051149 0.04541241890639481
5 0.06115641215715345 0.5634847080630213 0.048183839881393624 0.04819277108433735
5 0.4951816160118606 0.7289156626506024 0.017790956263899184 0.03243744207599629
5 0.874351371386212 0.4582947173308619 0.04670126019273536 0.03429101019462465
5 0.8984432913269088 0.35588507877664505 0.0340993328391401 0.029657089898053754
0 0.809488510007413 0.4170528266913809 0.01927353595255745 0.04077849860982391
0 0.7802075611564122 0.47868396663577384 0.02001482579688658 0.03429101019462465
0 0.779466271312083 0.5347544022242817 0.033358042994810974 0.029657089898053754
0 0.1641957005189029 0.3938832252085264 0.03187546330615271 0.03892493049119555
0 0.3888065233506301 0.5880444856348471 0.014084507042253521 0.019462465245597776
0 0.6790214974054856 0.5653382761816497 0.01927353595255745 0.022242817423540315
0 0.5429948109710897 0.3827618164967563 0.01111934766493699 0.020389249304911955
0 0.3491475166790215 0.24003707136237257 0.013343217197924388 0.027803521779425393
0 0.35804299481097107 0.22798887859128822 0.014825796886582653 0.020389249304911955
5 0.4877687175685693 0.3484708063021316 0.05782060785767235 0.06487488415199258
5 0.2939214232765011 0.4555143651529194 0.01704966641957005 0.03243744207599629
