0 0.13194959229058562 0.05560704355885079 0.05782060785767235 0.04633920296570899
0 0.519644180874722 0.4272474513438369 0.08747220163083766 0.07228915662650602
0 0.6408450704225352 0.15060240963855423 0.02742772424017791 0.030583873957367932
0 0.13232023721275019 0.36468952734012977 0.054114158636026685 0.04355885078776645
0 0.2776130467012602 0.6010194624652456 0.033358042994810974 0.04170528266913809
0 0.253891771682728 0.6204819277108434 0.02742772424017791 0.03243744207599629
0 0.039288361749444035 0.47775718257645966 0.04151223128243143 0.056533827618164965
0 0.3613787991104522 0.19601482854494903 0.05263157894736842 0.03243744207599629
0 0.24796145292809488 0.24189063948100092 0.028910303928836176 0.03151065801668211
0 0.2038547071905115 0.34291010194624655 0.031134173461823574 0.020389249304911955
0 0.30429948109710897 0.2469879518072289 0.07635285396590066 0.06580166821130677
3 0.49962935507783546 0.49443929564411493 0.9888806523350631 0.9759036144578314
5 0.589696071163825 0.7789620018535681 0.033358042994810974 0.056533827618164965
5 0.38806523350630096 0.47080630213160335 0.07042253521126761 0.07043558850787766
5 0.3402520385470719 0.566728452270621 0.056338028169014086 0.13067655236329936
5 0.041141586360266866 0.47775718257645966 0.04670126019273536 0.060240963855421686
0 0.34507042253521125 0.5685820203892493 0.05263157894736842 0.10287303058387395
0 0.3780578206078577 0.4666357738646895 0.04151223128243143 0.05468025949953661
