5 0.2954040029651594 0.7279888785912882 0.02446256486286138 0.037998146431881374
5 0.3065233506300964 0.6825764596848934 0.07190511489992588 0.08433734939759036
5 0.3951074870274277 0.9402224281742354 0.026686434395848776 0.03243744207599629
5 0.4251297257227576 0.9680259499536608 0.028910303928836176 0.03614457831325301
5 0.9203113417346183 0.8164967562557924 0.03187546330615271 0.033364226135310475
5 0.017420311341734617 0.5987025023169601 0.02446256486286138 0.04633920296570899
5 0.008524833209785025 0.530583873957368 0.015567086730911787 0.05838739573679333
0 0.5441067457375834 0.4735866543095459 0.02223869532987398 0.04819277108433735
0 0.586360266864344 0.56209453197405 0.017790956263899184 0.03614457831325301
0 0.6771682727946627 0.2632066728452271 0.034840622683469234 0.029657089898053754
0 0.8421052631578947 0.2020389249304912 0.023721275018532245 0.027803521779425393
0 0.8702742772424018 0.21501390176088972 0.02223869532987398 0.022242817423540315
0 0.8028169014084507 0.6978683966635774 0.01927353595255745 0.029657089898053754
0 0.7583395107487028 0.73725671918443 0.031134173461823574 0.03614457831325301
0 0.7335063009636767 0.763206672845227 0.02001482579688658 0.025023169601482854
0 0.7094143810229799 0.7757182576459685 0.029651593773165306 0.022242817423540315
0 0.6330615270570793 0.8053753475440223 0.050407709414381024 0.04077849860982391
0 0.7472201630837657 0.9059314179796107 0.0340993328391401 0.03985171455050973
0 0.6308376575240919 0.9462465245597775 0.01927353595255745 0.020389249304911955
0 0.5018532246108228 0.5282669138090825 0.01927353595255745 0.022242817423540315
0 0.5233506300963677 0.5106580166821131 0.01927353595255745 0.029657089898053754
0 0.48332097850259453 0.5185356811862836 0.014825796886582653 0.021316033364226137
0 0.40882134914751667 0.525949953660797 0.018532246108228317 0.015755329008341055
0 0.3476649369903632 0.08989805375347544 0.05189028910303929 0.042632066728452274
0 0.39288361749444034 0.10889712696941613 0.03261675315048184 0.03614457831325301
0 0.3710155670867309 0.1278962001853568 0.018532246108228317 0.022242817423540315
0 0.3917716827279466 0.14550509731232622 0.014084507042253521 0.024096385542168676
0 0.06745737583395107 0.12974976830398516 0.020756115641215715 0.024096385542168676
0 0.04707190511489993 0.15384615384615385 0.018532246108228317 0.020389249304911955
5 0.17197924388435878 0.2618164967562558 0.020756115641215715 0.03243744207599629
5 0.14788732394366197 0.1969416126042632 0.02742772424017791 0.030583873957367932
5 0.029651593773165306 0.24791473586654308 0.01630837657524092 0.03243744207599629
5 0.16901408450704225 0.8081556997219648 0.01927353595255745 0.029657089898053754
5 0.5437361008154188 0.8113994439295644 0.028910303928836176 0.03243744207599629
5 0.7020014825796886 0.9564411492122336 0.017790956263899184 0.027803521779425393
5 0.7027427724240178 0.9819277108433735 0.02223869532987398 0.012048192771084338
5 0.779466271312083 0.7900834105653383 0.01704966641957005 0.030583873957367932
5 0.08154188287620459 0.30954587581093607 0.017790956263899184 0.018535681186283594
5 0.05559673832468495 0.3433734939759036 0.056338028169014086 0.03429101019462465
5 0.2490733876945886 0.11214087117701575 0.020756115641215715 0.022242817423540315
5 0.9521868050407709 0.6320667284522706 0.022979985174203115 0.024096385542168676
5 0.8157894736842105 0.6283595922150139 0.0452186805040771 0.0963855421686747
5 0.8595255744996294 0.7048192771084337 0.014084507042253521 0.03614457831325301
5 0.8009636767976279 0.9453197405004634 0.028910303928836176 0.025949953660797033
5 0.8209785025945144 0.9791473586654309 0.04966641957005189 0.030583873957367932
5 0.656412157153447 0.9240037071362373 0.04225352112676056 0.04448563484708063
5 0.6990363232023721 0.9138090824837812 0.017790956263899184 0.020389249304911955
5 0.4095626389918458 0.881371640407785 0.01704966641957005 0.024096385542168676
5 0.5593031875463306 0.3697868396663577 0.04670126019273536 0.057460611677479144
0 0.5937731653076352 0.3447636700648749 0.02223869532987398 0.03151065801668211
0 0.6097108969607117 0.29703429101019463 0.022979985174203115 0.010194624652455977
0 0.5982209043736101 0.3164967562557924 0.01630837657524092 0.019462465245597776
0 0.7494440326167532 0.2391102873030584 0.01927353595255745 0.025949953660797033
0 0.41363973313565605 0.5518999073215941 0.01927353595255745 0.019462465245597776
0 0.40400296515937734 0.5810936051899908 0.025203854707190512 0.033364226135310475
0 0.43217197924388434 0.24374420759962928 0.017790956263899184 0.020389249304911955
0 0.6338028169014085 0.7451343836886005 0.013343217197924388 0.03151065801668211
0 0.6856931060044478 0.6200185356811863 0.01927353595255745 0.020389249304911955
0 0.7108969607116382 0.6107506950880445 0.01630837657524092 0.022242817423540315
0 0.7142327650111193 0.6807228915662651 0.022979985174203115 0.0639481000926784
0 0.6805040770941438 0.6816496756255792 0.02223869532987398 0.06950880444856349
0 0.6056338028169014 0.6728452270620945 0.031134173461823574 0.04077849860982391
0 0.8317272053372868 0.5324374420759963 0.01927353595255745 0.03429101019462465
0 0.4014084507042254 0.76274328081557 0.01111934766493699 0.020389249304911955
1 0.14455151964418086 0.8141797961075069 0.28465530022238694 0.36051899907321594
0 0.77353595255745 0.8688600556070436 0.025945144551519646 0.04170528266913809
5 0.032987398072646404 0.20389249304911955 0.028910303928836176 0.024096385542168676
5 0.17865085248332097 0.0732159406858202 0.01927353595255745 0.024096385542168676
5 0.7090437361008154 0.03568118628359592 0.028910303928836176 0.03429101019462465
