1 0.8276501111934766 0.7891566265060241 0.2587101556708673 0.3697868396663577
2 0.48035581912527797 0.6709916589434661 0.17790956263899185 0.11306765523632993
0 0.2490733876945886 0.2794253938832252 0.09636767976278725 0.20111214087117701
0 0.23869532987398073 0.4087117701575533 0.028169014084507043 0.051899907321594066
0 0.2727946627131208 0.4221501390176089 0.020756115641215715 0.03429101019462465
0 0.27835433654558933 0.46153846153846156 0.03187546330615271 0.06487488415199258
0 0.31504818383988137 0.47914735866543096 0.017790956263899184 0.027803521779425393
0 0.34099332839140106 0.4578313253012048 0.01927353595255745 0.025949953660797033
0 0.23721275018532245 0.5139017608897127 0.031134173461823574 0.03985171455050973
0 0.3005930318754633 0.5769230769230769 0.025945144551519646 0.030583873957367932
0 0.3302446256486286 0.5801668211306765 0.025945144551519646 0.024096385542168676
0 0.37694588584136396 0.5662650602409639 0.02001482579688658 0.024096385542168676
0 0.027057079318013343 0.5500463392029658 0.02446256486286138 0.03614457831325301
0 0.2049666419570052 0.48748841519925856 0.021497405485544848 0.024096385542168676
0 0.14936990363232025 0.3943466172381835 0.08080059303187546 0.11770157553290084
0 0.10081541882876205 0.2873030583873957 0.07116382505559674 0.11306765523632993
0 0.11082283172720533 0.19647822057460612 0.02742772424017791 0.04819277108433735
0 0.15122312824314307 0.18118628359592215 0.020756115641215715 0.030583873957367932
0 0.15159377316530764 0.24420759962928637 0.033358042994810974 0.037998146431881374
0 0.18050407709414382 0.29935125115848005 0.05263157894736842 0.04819277108433735
0 0.02631578947368421 0.1978683966635774 0.022979985174203115 0.03429101019462465
0 0.07561156412157154 0.19601482854494903 0.028169014084507043 0.056533827618164965
0 0.11749444032616753 0.14828544949026876 0.03039288361749444 0.04819277108433735
0 0.10637509266123055 0.1102873030583874 0.02446256486286138 0.042632066728452274
0 0.1597479614529281 0.09128822984244671 0.04670126019273536 0.05282669138090825
0 0.1653076352853966 0.04680259499536608 0.02223869532987398 0.03985171455050973
0 0.20237212750185324 0.05143651529193698 0.025203854707190512 0.03614457831325301
0 0.37842846553002224 0.15894346617238184 0.02001482579688658 0.026876737720111215
0 0.3506300963676798 0.1927710843373494 0.03558191252779837 0.04077849860982391
0 0.3183839881393625 0.24189063948100092 0.025945144551519646 0.029657089898053754
0 0.374351371386212 0.29518072289156627 0.05930318754633061 0.03614457831325301
0 0.3713862120088955 0.3623725671918443 0.020756115641215715 0.020389249304911955
0 0.30392883617494443 0.29518072289156627 0.01927353595255745 0.028730305838739572
0 0.639362490733877 0.2015755329008341 0.054114158636026685 0.05468025949953661
0 0.6319495922905857 0.29610750695088045 0.0452186805040771 0.14735866543095458
0 0.5982209043736101 0.3164967562557924 0.025203854707190512 0.03429101019462465
0 0.5415122312824314 0.27340129749768305 0.015567086730911787 0.024096385542168676
0 0.4981467753891772 0.24606116774791473 0.01630837657524092 0.023169601482854494
0 0.48851000741289846 0.47312326227988877 0.01630837657524092 0.03243744207599629
0 0.7435137138621201 0.3470806302131603 0.04595997034840623 0.047265987025023166
0 0.9277242401779096 0.15848007414272475 0.07042253521126761 0.04077849860982391
0 0.8873239436619719 0.0871177015755329 0.02223869532987398 0.027803521779425393
0 0.9106745737583395 0.08758109360519 0.021497405485544848 0.03243744207599629
0 0.3669384729429207 0.018999073215940687 0.05782060785767235 0.03243744207599629
4 0.8569310600444774 0.206209453197405 0.25500370644922166 0.3716404077849861
4 0.438472942920682 0.7919369786839666 0.32987398072646407 0.16774791473586653
2 0.10971089696071164 0.7919369786839666 0.21200889547813195 0.3938832252085264
