1 0.6404744255003706 0.8938832252085264 0.530763528539659 0.20852641334569044
1 0.8565604151223128 0.7752548656163114 0.2809488510007413 0.44207599629286376
1 0.2994810971089696 0.9351251158480074 0.14529280948851 0.11121408711770157
0 0.416234247590808 0.7502316960148285 0.02446256486286138 0.030583873957367932
0 0.43439584877687176 0.7289156626506024 0.02223869532987398 0.03243744207599629
0 0.374351371386212 0.5681186283595923 0.0340993328391401 0.04077849860982391
0 0.012972572275759823 0.7863762743280815 0.025945144551519646 0.04170528266913809
0 0.014084507042253521 0.46617238183503246 0.020756115641215715 0.05375347544022243
0 0.037064492216456635 0.43234476367006486 0.05782060785767235 0.05838739573679333
0 0.048554484803558194 0.3860055607043559 0.04225352112676056 0.05468025949953661
0 0.4681245366938473 0.4721964782205746 0.034840622683469234 0.082483781278962
0 0.38065233506300966 0.45505097312326226 0.11489992587101557 0.14457831325301204
0 0.3469236471460341 0.3113994439295644 0.017790956263899184 0.025949953660797033
0 0.09191994069681246 0.18535681186283595 0.02223869532987398 0.024096385542168676
0 0.2390659747961453 0.25393883225208524 0.01704966641957005 0.027803521779425393
0 0.36619718309859156 0.16543095458758109 0.023721275018532245 0.025023169601482854
0 0.3765752409191994 0.18999073215940684 0.01927353595255745 0.024096385542168676
0 0.4759080800593032 0.1274328081556997 0.0385470719051149 0.04355885078776645
0 0.4173461823573017 0.3568118628359592 0.020756115641215715 0.024096385542168676
0 0.6226834692364714 0.5115848007414272 0.01630837657524092 0.020389249304911955
0 0.5893254262416605 0.5708989805375347 0.017790956263899184 0.018535681186283594
0 0.5263157894736842 0.19879518072289157 0.013343217197924388 0.021316033364226137
0 0.5463306152705708 0.1190917516218721 0.037064492216456635 0.03985171455050973
0 0.42327650111193477 0.04216867469879518 0.028169014084507043 0.03429101019462465
0 0.5363232023721275 0.021316033364226137 0.04670126019273536 0.042632066728452274
0 0.49147516679021497 0.2761816496756256 0.020756115641215715 0.024096385542168676
0 0.5126019273535952 0.2594995366079703 0.021497405485544848 0.022242817423540315
0 0.5904373610081541 0.2567191844300278 0.022979985174203115 0.025949953660797033
0 0.6063750926612306 0.15940685820203893 0.02223869532987398 0.07599629286376275
4 0.34544106745737585 0.35588507877664505 0.6864343958487769 0.706209453197405
