2 0.021497405485544848 0.9453197405004634 0.04151223128243143 0.0871177015755329
0 0.7761304670126019 0.6645041705282669 0.026686434395848776 0.03151065801668211
0 0.9451445515196442 0.6274328081556997 0.042994810971089696 0.029657089898053754
0 0.9818383988139362 0.6992585727525487 0.021497405485544848 0.03429101019462465
0 0.7475908080059304 0.7303058387395737 0.02742772424017791 0.025949953660797033
0 0.670126019273536 0.6051899907321594 0.04595997034840623 0.025949953660797033
0 0.7171979243884359 0.43836886005560705 0.025945144551519646 0.04633920296570899
0 0.8261675315048184 0.3818350324374421 0.02446256486286138 0.029657089898053754
0 0.8269088213491476 0.252548656163114 0.028910303928836176 0.03614457831325301
0 0.7438843587842846 0.26737720111214086 0.040770941438102296 0.04170528266913809
0 0.6597479614529281 0.1056533827618165 0.03261675315048184 0.04819277108433735
0 0.6578947368421053 0.17655236329935126 0.03187546330615271 0.037998146431881374
0 0.8973313565604151 0.37488415199258573 0.025945144551519646 0.03985171455050973
0 0.8710155670867309 0.39990732159406855 0.056338028169014086 0.026876737720111215
0 0.6797627872498146 0.943002780352178 0.0340993328391401 0.030583873957367932
0 0.5555967383246849 0.9833178869323448 0.02742772424017791 0.029657089898053754
0 0.4369903632320237 0.8818350324374421 0.033358042994810974 0.023169601482854494
0 0.3183839881393625 0.8850787766450418 0.028910303928836176 0.018535681186283594
0 0.25166790214974055 0.8674698795180723 0.02742772424017791 0.027803521779425393
1 0.17790956263899185 0.41427247451343835 0.3558191252779837 0.5579240037071362
