2 0.5693359375 0.8662109375 0.033203125 0.076171875
2 0.693359375 0.8798828125 0.09765625 0.103515625
2 0.4482421875 0.9208984375 0.072265625 0.064453125
2 0.466796875 0.8271484375 0.06640625 0.072265625
2 0.4736328125 0.0703125 0.150390625 0.11328125
2 0.677734375 0.169921875 0.22265625 0.1640625
5 0.2177734375 0.876953125 0.041015625 0.05078125
5 0.1787109375 0.91015625 0.068359375 0.06640625
5 0.1796875 0.7734375 0.0390625 0.046875
5 0.205078125 0.8193359375 0.046875 0.041015625
5 0.1142578125 0.623046875 0.048828125 0.046875
5 0.115234375 0.7041015625 0.04296875 0.056640625
5 0.1220703125 0.7724609375 0.052734375 0.056640625
5 0.1494140625 0.3837890625 0.072265625 0.068359375
5 0.0576171875 0.390625 0.087890625 0.0703125
5 0.2880859375 0.404296875 0.044921875 0.046875
5 0.43359375 0.302734375 0.26953125 0.2421875
5 0.5185546875 0.6171875 0.044921875 0.078125
5 0.146484375 0.955078125 0.0859375 0.07421875
2 0.2685546875 0.572265625 0.052734375 0.046875
2 0.30859375 0.7265625 0.0390625 0.0546875
3 0.7060546875 0.263671875 0.576171875 0.52734375
