0 0.1597479614529281 0.5838739573679332 0.04225352112676056 0.04448563484708063
0 0.1949592290585619 0.6121408711770158 0.01630837657524092 0.019462465245597776
0 0.2268346923647146 0.6325301204819277 0.02223869532987398 0.028730305838739572
0 0.16679021497405486 0.6756255792400371 0.0340993328391401 0.029657089898053754
0 0.24091919940696813 0.711306765523633 0.06226834692364715 0.05838739573679333
0 0.2005189028910304 0.7789620018535681 0.09117865085248332 0.15291936978683968
0 0.2713120830244626 0.7720111214087118 0.026686434395848776 0.042632066728452274
0 0.7286879169755375 0.8646895273401297 0.0385470719051149 0.05931417979610751
0 0.7209043736100815 0.9453197405004634 0.07042253521126761 0.09082483781278962
0 0.7724240177909563 0.9392956441149212 0.03558191252779837 0.06580166821130677
0 0.8139362490733877 0.8781278962001854 0.03261675315048184 0.03985171455050973
0 0.6289844329132691 0.9471733086190918 0.10600444773906598 0.10194624652455977
0 0.6797627872498146 0.40593141797961074 0.06968124536693847 0.033364226135310475
0 0.7590808005930318 0.2794253938832252 0.06078576723498888 0.06209453197405004
0 0.7238695329873981 0.31417979610750696 0.018532246108228317 0.027803521779425393
0 0.670126019273536 0.35078776645041704 0.020756115641215715 0.03243744207599629
0 0.5926612305411416 0.3493975903614458 0.05263157894736842 0.05004633920296571
0 0.6345441067457376 0.3586654309545876 0.023721275018532245 0.03707136237256719
0 0.6030392883617495 0.42910101946246526 0.028910303928836176 0.04077849860982391
0 0.5174203113417346 0.12233549582947173 0.04002965159377316 0.033364226135310475
0 0.13936249073387694 0.12418906394810009 0.037064492216456635 0.022242817423540315
0 0.10600444773906598 0.14735866543095458 0.037064492216456635 0.03151065801668211
0 0.0737583395107487 0.19184430027803523 0.02446256486286138 0.027803521779425393
0 0.04151223128243143 0.1788693234476367 0.031134173461823574 0.042632066728452274
0 0.04151223128243143 0.2289156626506024 0.037064492216456635 0.05004633920296571
0 0.34507042253521125 0.13438368860055608 0.03039288361749444 0.033364226135310475
5 0.2335063009636768 0.4545875810936052 0.02223869532987398 0.037998146431881374
5 0.17976278724981468 0.3943466172381835 0.021497405485544848 0.03429101019462465
5 0.2920681986656783 0.16635773864689526 0.017790956263899184 0.026876737720111215
5 0.3124536693847294 0.1936978683966636 0.015567086730911787 0.027803521779425393
5 0.17976278724981468 0.20389249304911955 0.02446256486286138 0.027803521779425393
5 0.1419570051890289 0.2803521779425394 0.02001482579688658 0.03614457831325301
5 0.2965159377316531 0.11631139944392957 0.02223869532987398 0.03429101019462465
5 0.7294292068198666 0.1645041705282669 0.037064492216456635 0.04541241890639481
0 0.01816160118606375 0.26042632066728455 0.022979985174203115 0.04448563484708063
0 0.6397331356560415 0.8628359592215014 0.020756115641215715 0.029657089898053754
5 0.6022979985174203 0.43002780352177944 0.02742772424017791 0.03892493049119555
5 0.6515937731653076 0.9851714550509731 0.02223869532987398 0.022242817423540315
5 0.6716085989621943 0.9128822984244671 0.014825796886582653 0.022242817423540315
0 0.600815418828762 0.4309545875810936 0.021497405485544848 0.04077849860982391
0 0.7297998517420311 0.16728452270620944 0.02742772424017791 0.03243744207599629
0 0.293180133432172 0.16682113067655235 0.015567086730911787 0.022242817423540315
0 0.3113417346182357 0.1936978683966636 0.014825796886582653 0.024096385542168676
