2 0.498046875 0.4990234375 0.9921875 0.990234375
2 0.55078125 0.2705078125 0.16015625 0.400390625
2 0.685546875 0.220703125 0.14453125 0.30078125
2 0.16015625 0.8251953125 0.26953125 0.302734375
2 0.876953125 0.5126953125 0.21875 0.439453125
2 0.4033203125 0.6044921875 0.123046875 0.248046875
2 0.275390625 0.3515625 0.08203125 0.265625
2 0.416015625 0.1357421875 0.1015625 0.177734375
2 0.078125 0.134765625 0.1484375 0.23046875
2 0.05859375 0.4638671875 0.109375 0.318359375
2 0.181640625 0.5927734375 0.12109375 0.185546875
2 0.296875 0.6083984375 0.08203125 0.169921875
2 0.46875 0.888671875 0.3125 0.19921875
