4 0.32667332667332666 0.4033864541832669 0.26573426573426573 0.20916334661354583
6 0.24075924075924077 0.5303784860557769 0.45554445554445555 0.3555776892430279
2 0.0939060939060939 0.8401394422310757 0.17182817182817184 0.28784860557768926
2 0.3211788211788212 0.9352589641434262 0.27472527472527475 0.10756972111553785
2 0.8361638361638362 0.8949203187250996 0.04195804195804196 0.04083665338645418
2 0.8896103896103896 0.9163346613545816 0.04495504495504495 0.045816733067729085
2 0.965034965034965 0.7589641434262948 0.04195804195804196 0.05976095617529881
2 0.6648351648351648 0.4845617529880478 0.07892107892107893 0.06673306772908366
2 0.5274725274725275 0.7260956175298805 0.04995004995004995 0.045816733067729085
0 0.5254745254745254 0.725597609561753 0.023976023976023976 0.030876494023904383
0 0.6403596403596403 0.48754980079681276 0.01998001998001998 0.04083665338645418
0 0.6808191808191808 0.48406374501992033 0.04695304695304695 0.04183266932270916
0 0.9660339660339661 0.7624501992031872 0.03996003996003996 0.046812749003984064
0 0.8456543456543456 0.6822709163346613 0.03896103896103896 0.049800796812749
0 0.8346653346653347 0.8944223107569721 0.04495504495504495 0.0398406374501992
0 0.8836163836163836 0.9193227091633466 0.028971028971028972 0.02390438247011952
0 0.2082917082917083 0.9173306772908366 0.024975024975024976 0.037848605577689244
0 0.23876123876123875 0.9113545816733067 0.03596403596403597 0.01593625498007968
0 0.2597402597402597 0.8979083665338645 0.04595404595404595 0.02888446215139442
0 0.2842157842157842 0.9516932270916335 0.08091908091908091 0.06872509960159362
0 0.33516483516483514 0.9576693227091634 0.028971028971028972 0.03286852589641434
0 0.37162837162837165 0.9805776892430279 0.06393606393606394 0.026892430278884463
