6 0.3778135048231511 0.7187210379981465 0.39067524115755625 0.5551436515291936
4 0.42363344051446944 0.37720111214087115 0.15594855305466238 0.16682113067655235
5 0.2427652733118971 0.4258572752548656 0.13504823151125403 0.23632993512511585
2 0.24035369774919615 0.4221501390176089 0.11254019292604502 0.2159406858202039
2 0.021704180064308683 0.15801668211306766 0.017684887459807074 0.028730305838739572
2 0.033360128617363344 0.19647822057460612 0.028135048231511254 0.04819277108433735
2 0.10048231511254019 0.12187210379981464 0.024115755627009645 0.03243744207599629
2 0.06430868167202572 0.13670064874884152 0.06109324758842444 0.030583873957367932
2 0.7371382636655949 0.4397590361445783 0.04340836012861737 0.05468025949953661
2 0.680064308681672 0.42168674698795183 0.04180064308681672 0.05931417979610751
2 0.887459807073955 0.6760889712696941 0.03376205787781351 0.05838739573679333
2 0.887459807073955 0.793790546802595 0.06913183279742766 0.09916589434661724
2 0.9662379421221865 0.7761816496756255 0.05466237942122187 0.03243744207599629
0 0.9654340836012861 0.7784986098239111 0.03536977491961415 0.03707136237256719
0 0.7311093247588425 0.43466172381835033 0.028135048231511254 0.04448563484708063
1 0.2266881028938907 0.8308619091751622 0.4340836012861736 0.32715477293790546
5 0.10209003215434084 0.7571825764596849 0.1639871382636656 0.16311399443929564
5 0.17041800643086816 0.7400370713623726 0.07717041800643087 0.0732159406858202
