4 0.35106382978723405 0.6169554455445545 0.5226641998149861 0.7413366336633663
4 0.681313598519889 0.29146039603960394 0.1322849213691027 0.3948019801980198
6 0.9116558741905643 0.3261138613861386 0.1637372802960222 0.375
6 0.04902867715078631 0.5123762376237624 0.09620721554116558 0.33910891089108913
6 0.3038852913968548 0.1373762376237624 0.5911193339500462 0.2698019801980198
6 0.7964847363552267 0.0655940594059406 0.39037927844588344 0.1311881188118812
0 0.09158186864014801 0.1707920792079208 0.05735430157261795 0.05693069306930693
0 0.7844588344125809 0.027846534653465347 0.05735430157261795 0.050742574257425746
2 0.09528214616096208 0.06745049504950495 0.1036077705827937 0.1349009900990099
2 0.6554116558741906 0.024752475247524754 0.060129509713228495 0.04950495049504951
4 0.9153561517113784 0.7537128712871287 0.15633672525439407 0.4801980198019802
