1 0.8447304907481898 0.82483781278962 0.23813354786806115 0.29471733086190915
5 0.8016894609814964 0.9249304911955515 0.036202735317779566 0.029657089898053754
5 0.7658889782783588 0.9508804448563485 0.02413515687851971 0.029657089898053754
5 0.7256637168141593 0.9823911028730306 0.038616251005631534 0.027803521779425393
5 0.9549477071600966 0.5227062094531975 0.04827031375703942 0.0778498609823911
5 0.47948511665325827 0.4833178869323448 0.04666130329847144 0.056533827618164965
5 0.6544650040225262 0.5611677479147359 0.050683829444891394 0.06580166821130677
5 0.7333065164923572 0.5074142724745134 0.03298471440064361 0.028730305838739572
5 0.7264682220434433 0.602873030583874 0.02574416733708769 0.03243744207599629
5 0.7071600965406275 0.623725671918443 0.012872083668543845 0.025949953660797033
5 0.6633145615446501 0.6621872103799815 0.02333065164923572 0.047265987025023166
5 0.7803700724054706 0.540778498609824 0.03700724054706356 0.04170528266913809
5 0.8008849557522124 0.5583873957367933 0.031375703942075624 0.03614457831325301
5 0.827835880933226 0.6408711770157554 0.02252614641995173 0.025023169601482854
5 0.9650040225261464 0.7085264133456904 0.029766693483507644 0.037998146431881374
5 0.8946098149637972 0.7400370713623726 0.02252614641995173 0.025023169601482854
5 0.8901850362027354 0.7692307692307693 0.016894609814963796 0.03521779425393883
5 0.8463395012067578 0.7590361445783133 0.027353177795655673 0.029657089898053754
5 0.835076427996782 0.7307692307692307 0.02574416733708769 0.026876737720111215
5 0.8133547868061143 0.7673772011121409 0.017699115044247787 0.025949953660797033
5 0.8008849557522124 0.8002780352177943 0.03459372485921158 0.03243744207599629
5 0.8403057119871279 0.8419833178869324 0.04746580852775543 0.06765523632993513
5 0.6890587288817377 0.46941612604263205 0.0667739340305712 0.08063021316033364
5 0.7691069991954947 0.42493049119555143 0.04505229283990346 0.08063021316033364
4 0.10498793242156074 0.5157553290083411 0.2083668543845535 0.4643188137164041
2 0.07602574416733708 0.5546802594995366 0.031375703942075624 0.07877664504170528
2 0.11464199517296862 0.4499536607970343 0.05229283990345937 0.05097312326227989
2 0.018101367658889783 0.41890639481000924 0.0249396621078037 0.03707136237256719
0 0.21962992759452937 0.5662650602409639 0.0418342719227675 0.09267840593141798
0 0.1842316975060338 0.6570898980537535 0.035398230088495575 0.05560704355885079
0 0.28841512469831054 0.6269694161260426 0.053901850362027354 0.0732159406858202
2 0.11745776347546259 0.9087117701575533 0.07723250201126307 0.05468025949953661
0 0.1170555108608206 0.9114921223354958 0.06838294448913917 0.05282669138090825
0 0.12389380530973451 0.19508804448563485 0.02252614641995173 0.03429101019462465
0 0.14320193081255028 0.19925857275254866 0.019308125502815767 0.025949953660797033
0 0.13113435237329044 0.2381835032437442 0.02574416733708769 0.03892493049119555
0 0.1500402252614642 0.28637627432808155 0.029766693483507644 0.025949953660797033
0 0.1922767497988737 0.23169601482854496 0.0756234915526951 0.04633920296570899
0 0.252614641995173 0.24513438368860055 0.0418342719227675 0.056533827618164965
0 0.22727272727272727 0.2812789620018536 0.039420756234915526 0.04355885078776645
0 0.2614641995172969 0.3030583873957368 0.032180209171359615 0.04448563484708063
0 0.3081255028157683 0.35125115848007415 0.04344328238133548 0.042632066728452274
0 0.36403861625100564 0.16589434661723818 0.08930008045052293 0.11306765523632993
0 0.4231697506033789 0.22289156626506024 0.016090104585679808 0.04911955514365153
0 0.4444891391794047 0.20759962928637626 0.015285599356395816 0.025949953660797033
0 0.4766693483507643 0.26413345690454126 0.04585679806918745 0.07414272474513438
0 0.5378117457763475 0.29008341056533826 0.05229283990345937 0.07043558850787766
0 0.2574416733708769 0.042632066728452274 0.0997586484312148 0.04448563484708063
0 0.1504424778761062 0.1329935125115848 0.061142397425583264 0.037998146431881374
0 0.20997586484312147 0.09777571825764597 0.04022526146419952 0.028730305838739572
0 0.25623491552695093 0.08989805375347544 0.0667739340305712 0.024096385542168676
0 0.3238133547868061 0.06348470806302131 0.04746580852775543 0.03614457831325301
0 0.36242960579243766 0.032900834105653386 0.029766693483507644 0.03985171455050973
0 0.4581657280772325 0.06209453197405004 0.029766693483507644 0.022242817423540315
0 0.5981496379726469 0.12187210379981464 0.029766693483507644 0.03243744207599629
0 0.5756234915526951 0.17145505097312327 0.029766693483507644 0.04633920296570899
0 0.5764279967819791 0.21269694161260427 0.031375703942075624 0.025023169601482854
0 0.48712791633145613 0.15801668211306766 0.04585679806918745 0.03985171455050973
0 0.665728077232502 0.20528266913809082 0.04907481898632341 0.03429101019462465
0 0.7139983909895414 0.2743280815569972 0.053901850362027354 0.06672845227062095
0 0.7333065164923572 0.38322520852641334 0.02654867256637168 0.07136237256719184
0 0.7538213998390989 0.34522706209453197 0.035398230088495575 0.030583873957367932
0 0.7534191472244569 0.12140871177015755 0.03459372485921158 0.04819277108433735
0 0.7192276749798874 0.08526413345690455 0.02252614641995173 0.03151065801668211
0 0.9251810136765889 0.18443002780352177 0.032180209171359615 0.051899907321594066
0 0.8897827835880934 0.2205746061167748 0.02091713596138375 0.03707136237256719
0 0.9014481094127111 0.27201112140871175 0.02654867256637168 0.05468025949953661
0 0.9835076427996782 0.3480074142724745 0.02654867256637168 0.03614457831325301
0 0.9452936444086887 0.3257645968489342 0.019308125502815767 0.028730305838739572
5 0.6170555108608206 0.30908248378127895 0.027353177795655673 0.03429101019462465
5 0.6432019308125503 0.3392029657089898 0.031375703942075624 0.042632066728452274
5 0.49597747385358004 0.38322520852641334 0.031375703942075624 0.06209453197405004
0 0.415526950925181 0.381371640407785 0.031375703942075624 0.037998146431881374
0 0.3471440064360418 0.4267840593141798 0.03459372485921158 0.05282669138090825
0 0.3930008045052293 0.463855421686747 0.02815768302493966 0.03429101019462465
0 0.504424778761062 0.6538461538461539 0.019308125502815767 0.030583873957367932
0 0.47385358004827033 0.6793327154772938 0.02252614641995173 0.027803521779425393
0 0.5164923572003218 0.6742354031510658 0.02252614641995173 0.037998146431881374
0 0.4899436846339501 0.6927710843373494 0.02252614641995173 0.030583873957367932
0 0.43724859211584877 0.9397590361445783 0.04424778761061947 0.06487488415199258
0 0.6468222043443282 0.7567191844300278 0.032180209171359615 0.05468025949953661
6 0.3173773129525342 0.7252085264133457 0.38857602574416733 0.5273401297497683
0 0.6922767497988737 0.9499536607970342 0.0249396621078037 0.03151065801668211
0 0.7148028962188254 0.927710843373494 0.0249396621078037 0.03707136237256719
0 0.6621078037007241 0.9823911028730306 0.038616251005631534 0.024096385542168676
0 0.7634754625905068 0.8359592215013901 0.04022526146419952 0.03521779425393883
0 0.7868061142397426 0.8480074142724745 0.04827031375703942 0.05560704355885079
0 0.7735317779565567 0.8864689527340129 0.02654867256637168 0.03429101019462465
0 0.9573612228479486 0.5750695088044485 0.04022526146419952 0.05468025949953661
0 0.9601769911504425 0.5370713623725671 0.0249396621078037 0.03429101019462465
0 0.9541432019308126 0.5097312326227988 0.016090104585679808 0.020389249304911955
