5 0.859375 0.8037109375 0.04296875 0.068359375
5 0.7197265625 0.3505859375 0.080078125 0.091796875
5 0.7724609375 0.2958984375 0.072265625 0.099609375
5 0.87109375 0.3232421875 0.12890625 0.185546875
5 0.962890625 0.4482421875 0.0703125 0.099609375
5 0.9091796875 0.1650390625 0.048828125 0.068359375
5 0.6376953125 0.138671875 0.048828125 0.06640625
5 0.31640625 0.8203125 0.03515625 0.04296875
5 0.091796875 0.7900390625 0.0390625 0.048828125
5 0.5693359375 0.806640625 0.052734375 0.046875
5 0.6142578125 0.7548828125 0.052734375 0.041015625
5 0.603515625 0.875 0.0546875 0.06640625
2 0.9658203125 0.20703125 0.064453125 0.125
5 0.8818359375 0.8935546875 0.041015625 0.044921875
5 0.720703125 0.642578125 0.04296875 0.046875
5 0.076171875 0.6142578125 0.04296875 0.056640625
5 0.0263671875 0.6240234375 0.041015625 0.060546875
5 0.5654296875 0.5087890625 0.064453125 0.048828125
5 0.662109375 0.5625 0.0390625 0.04296875
5 0.9716796875 0.6669921875 0.044921875 0.048828125
5 0.1611328125 0.1787109375 0.033203125 0.041015625
