0 0.39288361749444034 0.9031510658016683 0.06078576723498888 0.06580166821130677
0 0.4911045218680504 0.9026876737720111 0.06449221645663454 0.05004633920296571
0 0.44514455151964416 0.9545875810936052 0.02446256486286138 0.024096385542168676
0 0.5985915492957746 0.8517145505097312 0.028910303928836176 0.027803521779425393
0 0.6604892512972572 0.8322520852641334 0.020756115641215715 0.018535681186283594
0 0.508524833209785 0.43002780352177944 0.08302446256486286 0.057460611677479144
0 0.4507042253521127 0.4643188137164041 0.0385470719051149 0.03892493049119555
0 0.5959970348406227 0.25023169601482853 0.12750185322461083 0.03151065801668211
0 0.7279466271312083 0.2520852641334569 0.06671608598962195 0.03521779425393883
0 0.7546330615270571 0.36098239110287306 0.02223869532987398 0.03243744207599629
0 0.8728687916975537 0.27201112140871175 0.06893995552260934 0.04355885078776645
0 0.9177168272794662 0.23354958294717332 0.017790956263899184 0.024096385542168676
0 0.4981467753891772 0.31742354031510656 0.05930318754633061 0.03429101019462465
0 0.21868050407709413 0.6348470806302131 0.0385470719051149 0.04633920296570899
0 0.17160859896219421 0.6010194624652456 0.040770941438102296 0.05097312326227989
0 0.1397331356560415 0.7025023169601483 0.02446256486286138 0.027803521779425393
0 0.0782060785767235 0.7604263206672845 0.04670126019273536 0.06209453197405004
0 0.03039288361749444 0.7201112140871178 0.042994810971089696 0.05004633920296571
0 0.47553743513713864 0.3697868396663577 0.06597479614529281 0.03892493049119555
0 0.41363973313565605 0.39990732159406855 0.06078576723498888 0.05468025949953661
0 0.32765011119347665 0.49721964782205746 0.031134173461823574 0.03614457831325301
0 0.5051890289103039 0.7205746061167748 0.028910303928836176 0.03614457831325301
0 0.536693847294292 0.7038924930491196 0.023721275018532245 0.04170528266913809
0 0.712750185322461 0.6042632066728453 0.025945144551519646 0.03151065801668211
0 0.7160859896219421 0.6413345690454124 0.03558191252779837 0.029657089898053754
0 0.6078576723498889 0.6232622798887859 0.03558191252779837 0.03429101019462465
0 0.9859154929577465 0.6024096385542169 0.025203854707190512 0.04819277108433735
0 0.11749444032616753 0.08897126969416126 0.025945144551519646 0.024096385542168676
0 0.0681986656782802 0.19508804448563485 0.01927353595255745 0.013901760889712697
5 0.9896219421793921 0.2803521779425394 0.017790956263899184 0.04355885078776645
5 0.11527057079318014 0.08804448563484708 0.02446256486286138 0.025949953660797033
5 0.0681986656782802 0.1927710843373494 0.02223869532987398 0.025949953660797033
5 0.4444032616753151 0.9569045412418906 0.025945144551519646 0.03429101019462465
4 0.5211267605633803 0.6422613531047267 0.1156412157153447 0.08526413345690455
