0 0.5255744996293551 0.5949953660797034 0.13194959229058562 0.1464318813716404
0 0.6601186063750927 0.8781278962001854 0.10155670867309118 0.08989805375347544
0 0.617123795404003 0.9494902687673772 0.08524833209785027 0.09360518999073215
0 0.29243884358784283 0.659870250231696 0.048183839881393624 0.11306765523632993
0 0.31541882876204597 0.6047265987025023 0.048183839881393624 0.08433734939759036
0 0.36767976278724984 0.6112140871177015 0.05189028910303929 0.05468025949953661
0 0.6816160118606375 0.9314179796107507 0.08969607116382505 0.042632066728452274
0 0.7409191994069682 0.9833178869323448 0.05707931801334322 0.029657089898053754
0 0.9625648628613788 0.8123262279888785 0.021497405485544848 0.04355885078776645
1 0.04929577464788732 0.24003707136237257 0.09266123054114159 0.23169601482854496
0 0.22942920681986656 0.061167747914735865 0.04373610081541883 0.061167747914735865
0 0.5452186805040771 0.03429101019462465 0.04670126019273536 0.05931417979610751
5 0.35767234988880653 0.20250231696014828 0.083765752409192 0.10843373493975904
5 0.3106004447739066 0.29981464318813716 0.0681986656782802 0.11214087117701575
5 0.2798369162342476 0.3767377201112141 0.054114158636026685 0.08433734939759036
5 0.23610081541882877 0.49351251158480075 0.10748702742772424 0.1603336422613531
5 0.22053372868791699 0.6923076923076923 0.15048183839881393 0.1872103799814643
5 0.335063009636768 0.8155699721964782 0.0770941438102298 0.08897126969416126
5 0.3543365455893254 0.892029657089898 0.06671608598962195 0.0917516218721038
5 0.4106745737583395 0.9481000926784059 0.16011860637509265 0.09082483781278962
5 0.2894736842105263 0.9198331788693235 0.08228317272053373 0.09545875810936053
5 0.2650111193476649 0.8697868396663577 0.08524833209785027 0.09360518999073215
5 0.03224610822831727 0.639017608897127 0.05856189770200148 0.1102873030583874
5 0.048554484803558194 0.8378127896200185 0.08969607116382505 0.1519925857275255
5 0.20348406226834692 0.7567191844300278 0.2720533728687917 0.46617238183503246
5 0.03224610822831727 0.5254865616311399 0.034840622683469234 0.05560704355885079
4 0.6567828020756116 0.20852641334569044 0.6790214974054856 0.4077849860982391
