5 0.22424017790956263 0.5027803521779426 0.4351371386212009 0.20852641334569044
5 0.6338028169014085 0.8104726598702502 0.0681986656782802 0.1010194624652456
5 0.3995552260934025 0.6672845227062094 0.03558191252779837 0.051899907321594066
5 0.6011860637509266 0.2738646895273401 0.03261675315048184 0.03429101019462465
5 0.8936249073387694 0.1417979610750695 0.11638250555967383 0.2020389249304912
5 0.958117123795404 0.7191844300278035 0.06449221645663454 0.11121408711770157
5 0.6934766493699036 0.8109360518999074 0.028910303928836176 0.04448563484708063
0 0.4647887323943662 0.6468952734012975 0.031134173461823574 0.020389249304911955
0 0.48813936249073386 0.6872103799814643 0.0452186805040771 0.03614457831325301
0 0.38361749444032617 0.7015755329008341 0.025945144551519646 0.020389249304911955
0 0.33395107487027426 0.7789620018535681 0.02446256486286138 0.030583873957367932
0 0.3654558932542624 0.8007414272474513 0.03558191252779837 0.04077849860982391
0 0.4551519644180875 0.8507877664504171 0.037064492216456635 0.04077849860982391
0 0.054114158636026685 0.7655236329935126 0.07116382505559674 0.06672845227062095
0 0.35730170496664193 0.5250231696014829 0.08450704225352113 0.05097312326227989
0 0.625648628613788 0.5370713623725671 0.03558191252779837 0.05468025949953661
0 0.39621942179392144 0.33178869323447635 0.025945144551519646 0.04819277108433735
5 0.28799110452186805 0.314643188137164 0.083765752409192 0.05838739573679333
0 0.15789473684210525 0.5481927710843374 0.05337286879169755 0.05282669138090825
0 0.1597479614529281 0.5945319740500463 0.021497405485544848 0.05282669138090825
1 0.6197183098591549 0.932808155699722 0.2727946627131208 0.13067655236329936
1 0.13862120088954782 0.03614457831325301 0.10822831727205337 0.06302131603336422
