0 0.5496664195700519 0.7687673772011121 0.06597479614529281 0.04355885078776645
0 0.5874722016308377 0.7117701575532901 0.03187546330615271 0.03892493049119555
0 0.7112676056338029 0.6746987951807228 0.05114899925871016 0.03892493049119555
0 0.7097850259451446 0.7349397590361446 0.07635285396590066 0.05931417979610751
0 0.6141586360266864 0.7650602409638554 0.033358042994810974 0.028730305838739572
0 0.6041512231282431 0.8280815569972196 0.08450704225352113 0.04170528266913809
5 0.7231282431430689 0.2567191844300278 0.04373610081541883 0.0871177015755329
5 0.6060044477390659 0.04077849860982391 0.09117865085248332 0.06672845227062095
5 0.36767976278724984 0.07460611677479147 0.05782060785767235 0.07877664504170528
5 0.19236471460340993 0.1468952734012975 0.034840622683469234 0.04541241890639481
5 0.22164566345441067 0.14457831325301204 0.026686434395848776 0.05004633920296571
5 0.15604151223128243 0.17330861909175163 0.02742772424017791 0.03707136237256719
5 0.13899184581171237 0.5004633920296571 0.028910303928836176 0.05931417979610751
5 0.1753150481838399 0.5917516218721038 0.039288361749444035 0.04911955514365153
5 0.013343217197924388 0.29471733086190915 0.025203854707190512 0.04633920296570899
5 0.938472942920682 0.6399443929564411 0.028169014084507043 0.04541241890639481
0 0.8765752409191994 0.023169601482854494 0.02446256486286138 0.027803521779425393
0 0.8695329873980726 0.08155699721964782 0.028169014084507043 0.03707136237256719
