0 0.4236471460340993 0.4907321594068582 0.05263157894736842 0.047265987025023166
0 0.4636767976278725 0.49304911955514363 0.02742772424017791 0.03151065801668211
0 0.505930318754633 0.4911955514365153 0.025945144551519646 0.022242817423540315
0 0.5611564121571534 0.4712696941612604 0.03261675315048184 0.03985171455050973
5 0.656412157153447 0.3860055607043559 0.04373610081541883 0.04170528266913809
0 0.720533728687917 0.6098239110287303 0.04151223128243143 0.061167747914735865
0 0.5411415863602669 0.6404077849860983 0.031134173461823574 0.05560704355885079
0 0.4836916234247591 0.6524559777571826 0.02742772424017791 0.04633920296570899
0 0.47368421052631576 0.6881371640407785 0.03261675315048184 0.03429101019462465
0 0.4017790956263899 0.6788693234476367 0.029651593773165306 0.04170528266913809
0 0.3669384729429207 0.5171455050973123 0.020756115641215715 0.029657089898053754
0 0.134173461823573 0.36468952734012977 0.03558191252779837 0.060240963855421686
0 0.1508524833209785 0.32252085264133457 0.03187546330615271 0.03707136237256719
5 0.1608598962194218 0.5829471733086191 0.042994810971089696 0.07228915662650602
0 0.24610822831727205 0.24050046339202966 0.01927353595255745 0.028730305838739572
0 0.26278724981467755 0.22150139017608897 0.025945144551519646 0.04819277108433735
0 0.3302446256486286 0.21779425393883226 0.01704966641957005 0.029657089898053754
0 0.37509266123054114 0.18025949953660797 0.04892512972572276 0.056533827618164965
0 0.4191994069681245 0.26367006487488415 0.021497405485544848 0.03243744207599629
0 0.44366197183098594 0.23679332715477294 0.021497405485544848 0.030583873957367932
4 0.5211267605633803 0.2752548656163114 0.08450704225352113 0.06302131603336422
0 0.5181616011860638 0.34198331788693237 0.08747220163083766 0.04077849860982391
0 0.5744996293550778 0.31000926784059313 0.028169014084507043 0.03243744207599629
0 0.6553002223869533 0.26830398517145504 0.025203854707190512 0.06765523632993513
0 0.3988139362490734 0.09499536607970342 0.028169014084507043 0.04541241890639481
0 0.4440326167531505 0.07414272474513438 0.05930318754633061 0.03892493049119555
0 0.6415863602668643 0.026876737720111215 0.2246108228317272 0.042632066728452274
1 0.15937731653076354 0.8475440222428174 0.2950333580429948 0.2845227062094532
1 0.8183839881393625 0.8975903614457831 0.27575982209043737 0.18072289156626506
