1 0.14269829503335804 0.3901760889712697 0.27798369162342473 0.726598702502317
1 0.1286137879911045 0.9531974050046339 0.06597479614529281 0.06950880444856349
1 0.3480355819125278 0.9402224281742354 0.08673091178650852 0.10843373493975904
0 0.32320237212750186 0.35495829471733087 0.031134173461823574 0.06672845227062095
1 0.0396590066716086 0.5486561631139945 0.05856189770200148 0.14087117701575533
0 0.7809488510007413 0.29981464318813716 0.040770941438102296 0.03985171455050973
0 0.656412157153447 0.060240963855421686 0.04373610081541883 0.07228915662650602
0 0.5496664195700519 0.15106580166821132 0.033358042994810974 0.09267840593141798
0 0.5744996293550778 0.2562557924003707 0.04595997034840623 0.047265987025023166
0 0.7509266123054115 0.40176088971269697 0.020756115641215715 0.026876737720111215
0 0.7405485544848036 0.4712696941612604 0.04595997034840623 0.05282669138090825
0 0.8610081541882876 0.45736793327154773 0.01704966641957005 0.03243744207599629
0 0.8569310600444774 0.3873957367933272 0.01927353595255745 0.03707136237256719
0 0.9143810229799851 0.38368860055607046 0.022979985174203115 0.033364226135310475
0 0.9014084507042254 0.45736793327154773 0.017790956263899184 0.04541241890639481
0 0.9677538917716827 0.8368860055607044 0.02001482579688658 0.03151065801668211
5 0.477761304670126 0.5417052826691381 0.060044477390659746 0.2196478220574606
4 0.698295033358043 0.49304911955514363 0.5826538176426983 0.9490268767377201
5 0.22609340252038548 0.20481927710843373 0.13936249073387694 0.3911028730305839
