0 0.17642698295033357 0.4986098239110287 0.14825796886582654 0.08897126969416126
0 0.28169014084507044 0.5797034291010195 0.06226834692364715 0.11214087117701575
0 0.18569310600444774 0.7252085264133457 0.07783543365455893 0.06580166821130677
0 0.23647146034099334 0.8067655236329935 0.05189028910303929 0.06765523632993513
0 0.3117123795404003 0.840129749768304 0.03039288361749444 0.06580166821130677
0 0.06560415122312824 0.24050046339202966 0.09414381022979985 0.1102873030583874
1 0.8002223869532987 0.8141797961075069 0.22312824314306895 0.3086190917516219
3 0.7627872498146775 0.571825764596849 0.429948109710897 0.7877664504170528
4 0.24944403261675316 0.7089898053753475 0.3758339510748703 0.47451343836886006
4 0.1597479614529281 0.206209453197405 0.2824314306893996 0.38832252085264135
