1 0.20756115641215717 0.07414272474513438 0.24610822831727205 0.13901760889712697
5 0.2679762787249815 0.05143651529193698 0.10896960711638251 0.05838739573679333
5 0.05374351371386212 0.37812789620018533 0.10007412898443291 0.34661723818350326
5 0.270941438102298 0.3855421686746988 0.22609340252038548 0.17979610750695088
5 0.2390659747961453 0.6760889712696941 0.10896960711638251 0.15477293790546803
5 0.11045218680504076 0.6774791473586654 0.12601927353595255 0.18164967562557924
5 0.24017790956263899 0.7951807228915663 0.04892512972572276 0.05004633920296571
5 0.46108228317272054 0.5991658943466173 0.30689399555226093 0.19555143651529194
5 0.683839881393625 0.5472659870250232 0.083765752409192 0.082483781278962
5 0.9599703484062269 0.7511584800741428 0.05930318754633061 0.1380908248378128
5 0.8584136397331357 0.7914735866543096 0.0340993328391401 0.05931417979610751
5 0.7546330615270571 0.8517145505097312 0.08747220163083766 0.10194624652455977
0 0.7123795404002965 0.5092678405931418 0.037064492216456635 0.04541241890639481
0 0.6445515196441809 0.7511584800741428 0.10007412898443291 0.2511584800741427
0 0.6964418087472202 0.6320667284522706 0.022979985174203115 0.042632066728452274
0 0.4236471460340993 0.7358665430954587 0.021497405485544848 0.03521779425393883
0 0.4106745737583395 0.7891566265060241 0.0340993328391401 0.06209453197405004
0 0.34395848776871757 0.8836886005560705 0.037064492216456635 0.05282669138090825
5 0.5593031875463306 0.8832252085264134 0.10896960711638251 0.09082483781278962
