0 0.4647887323943662 0.1417979610750695 0.042994810971089696 0.04448563484708063
0 0.536693847294292 0.17145505097312327 0.07116382505559674 0.0871177015755329
0 0.5878428465530022 0.23772011121408712 0.10822831727205337 0.08619091751621873
0 0.5018532246108228 0.24513438368860055 0.037064492216456635 0.07692307692307693
0 0.44551519644180876 0.22381835032437442 0.023721275018532245 0.03429101019462465
0 0.4099332839140104 0.2905468025949954 0.037064492216456635 0.07136237256719184
0 0.4792438843587843 0.042632066728452274 0.06300963676797627 0.06487488415199258
0 0.8172720533728688 0.042632066728452274 0.0793180133432172 0.08526413345690455
0 0.7865085248332098 0.12048192771084337 0.0340993328391401 0.042632066728452274
0 0.7998517420311342 0.09545875810936053 0.03558191252779837 0.03151065801668211
0 0.712008895478132 0.1417979610750695 0.05707931801334322 0.08526413345690455
0 0.1960711638250556 0.29518072289156627 0.039288361749444035 0.05282669138090825
0 0.17642698295033357 0.3632993512511585 0.03558191252779837 0.07043558850787766
0 0.1816160118606375 0.49814643188137164 0.01927353595255745 0.030583873957367932
0 0.030763528539659007 0.16404077849860982 0.025945144551519646 0.04077849860982391
5 0.6693847294292068 0.2710843373493976 0.5455893254262416 0.16589434661723818
5 0.4681245366938473 0.057460611677479144 0.16234247590808007 0.09267840593141798
1 0.7501853224610823 0.8642261353104727 0.3647146034099333 0.25301204819277107
