4 0.446875 0.228125 0.13125 0.14375
1 0.215625 0.5114583333333333 0.265625 0.8979166666666667
0 0.37578125 0.140625 0.0578125 0.06458333333333334
0 0.315625 0.18125 0.034375 0.05
0 0.44375 0.34479166666666666 0.046875 0.03958333333333333
0 0.49453125 0.3375 0.0328125 0.041666666666666664
0 0.53046875 0.278125 0.0390625 0.09375
0 0.5109375 0.546875 0.0375 0.05625
0 0.55625 0.534375 0.040625 0.08541666666666667
0 0.6078125 0.08229166666666667 0.03125 0.04791666666666667
0 0.62421875 0.13541666666666666 0.0296875 0.05
