0 0.5861979166666667 0.9541666666666667 0.021354166666666667 0.026851851851851852
0 0.5838541666666667 0.9819444444444444 0.026041666666666668 0.021296296296296296
0 0.4296875 0.9666666666666667 0.04375 0.037037037037037035
0 0.471875 0.850925925925926 0.030208333333333334 0.03333333333333333
0 0.5760416666666667 0.8143518518518519 0.022916666666666665 0.028703703703703703
0 0.5971354166666667 0.8287037037037037 0.013020833333333334 0.03148148148148148
0 0.5763020833333333 0.8467592592592592 0.021354166666666667 0.025
0 0.40963541666666664 0.8912037037037037 0.011979166666666667 0.021296296296296296
0 0.6544270833333333 0.8958333333333334 0.015104166666666667 0.019444444444444445
0 0.3575520833333333 0.9412037037037037 0.011979166666666667 0.025
0 0.5174479166666667 0.6069444444444444 0.015104166666666667 0.023148148148148147
0 0.42682291666666666 0.8541666666666666 0.011979166666666667 0.023148148148148147
0 0.5278645833333333 0.9773148148148149 0.011979166666666667 0.026851851851851852
0 0.5138020833333333 0.9847222222222223 0.0140625 0.01574074074074074
2 0.81015625 0.5504629629629629 0.043229166666666666 0.5675925925925925
2 0.73359375 0.9513888888888888 0.04010416666666667 0.0787037037037037
2 0.76875 0.8759259259259259 0.041666666666666664 0.10185185185185185
