4 0.4984375 0.1935185185185185 0.675 0.3851851851851852
4 0.7822916666666667 0.6865740740740741 0.09895833333333333 0.600925925925926
0 0.6200520833333333 0.3365740740740741 0.034895833333333334 0.05462962962962963
0 0.7127604166666667 0.40694444444444444 0.018229166666666668 0.025
0 0.17135416666666667 0.538425925925926 0.022916666666666665 0.032407407407407406
0 0.22630208333333332 0.512962962962963 0.019270833333333334 0.03333333333333333
0 0.24609375 0.512962962962963 0.015104166666666667 0.040740740740740744
0 0.5763020833333333 0.6847222222222222 0.0671875 0.0824074074074074
0 0.5854166666666667 0.7638888888888888 0.025 0.02962962962962963
0 0.6088541666666667 0.8472222222222222 0.04791666666666667 0.04814814814814815
0 0.64921875 0.8662037037037037 0.0265625 0.05648148148148148
0 0.6182291666666667 0.9212962962962963 0.035416666666666666 0.03518518518518519
0 0.64921875 0.9175925925925926 0.015104166666666667 0.027777777777777776
0 0.5197916666666667 0.788425925925926 0.021875 0.062037037037037036
0 0.5036458333333333 0.7305555555555555 0.019791666666666666 0.046296296296296294
0 0.4791666666666667 0.6666666666666666 0.01875 0.04259259259259259
0 0.4661458333333333 0.6310185185185185 0.020833333333333332 0.032407407407407406
0 0.4236979166666667 0.5611111111111111 0.04010416666666667 0.08703703703703704
0 0.4427083333333333 0.9694444444444444 0.030208333333333334 0.046296296296296294
0 0.7216145833333333 0.6851851851851852 0.016145833333333335 0.05185185185185185
0 0.734375 0.7490740740740741 0.01875 0.046296296296296294
0 0.7638020833333333 0.8287037037037037 0.011979166666666667 0.022222222222222223
0 0.42682291666666666 0.2625 0.011979166666666667 0.021296296296296296
0 0.41875 0.22268518518518518 0.0125 0.023148148148148147
1 0.29583333333333334 0.7537037037037037 0.14791666666666667 0.31666666666666665
1 0.45078125 0.5935185185185186 0.1421875 0.2740740740740741
0 0.68125 0.5314814814814814 0.03854166666666667 0.05740740740740741
