0 0.20459599703484063 0.6705282669138091 0.01927353595255745 0.028730305838739572
0 0.2631578947368421 0.6102873030583874 0.020756115641215715 0.04355885078776645
0 0.2920681986656783 0.5880444856348471 0.023721275018532245 0.03243744207599629
0 0.2412898443291327 0.5690454124189064 0.025945144551519646 0.025949953660797033
0 0.22164566345441067 0.5440222428174235 0.023721275018532245 0.020389249304911955
0 0.5374351371386212 0.39990732159406855 0.04151223128243143 0.026876737720111215
0 0.46738324684951815 0.5908248378127896 0.05263157894736842 0.04170528266913809
0 0.48517420311341736 0.8734939759036144 0.033358042994810974 0.03243744207599629
0 0.5237212750185323 0.855885078776645 0.02742772424017791 0.03614457831325301
0 0.5656041512231282 0.8628359592215014 0.023721275018532245 0.029657089898053754
0 0.589696071163825 0.8549582947173309 0.01704966641957005 0.017608897126969416
0 0.6527057079318014 0.8063021316033364 0.02742772424017791 0.033364226135310475
0 0.5003706449221645 0.9193697868396663 0.02223869532987398 0.022242817423540315
0 0.4351371386212009 0.8484708063021316 0.020756115641215715 0.026876737720111215
0 0.6275018532246108 0.9647822057460612 0.025945144551519646 0.024096385542168676
0 0.8543365455893255 0.9494902687673772 0.028910303928836176 0.03429101019462465
0 0.7642698295033358 0.5560704355885079 0.01630837657524092 0.020389249304911955
0 0.7690882134914752 0.5857275254865616 0.025945144551519646 0.027803521779425393
0 0.9177168272794662 0.23493975903614459 0.06523350630096368 0.047265987025023166
0 0.9473684210526315 0.19508804448563485 0.01927353595255745 0.03429101019462465
0 0.7713120830244625 0.20852641334569044 0.06893995552260934 0.029657089898053754
0 0.8057820607857672 0.31417979610750696 0.02223869532987398 0.020389249304911955
0 0.6953298739807264 0.20296570898980537 0.05782060785767235 0.029657089898053754
0 0.6426982950333581 0.20667284522706209 0.04002965159377316 0.025949953660797033
0 0.603409933283914 0.21223354958294718 0.03261675315048184 0.024096385542168676
0 0.5719051148999259 0.21872103799814643 0.021497405485544848 0.014828544949026877
0 0.5396590066716086 0.2761816496756256 0.037064492216456635 0.027803521779425393
0 0.48480355819125276 0.2715477293790547 0.020756115641215715 0.022242817423540315
0 0.5018532246108228 0.33317886932344765 0.01630837657524092 0.013901760889712697
0 0.46553002223869533 0.366079703429101 0.017790956263899184 0.025949953660797033
0 0.34544106745737585 0.5217794253938832 0.014825796886582653 0.024096385542168676
0 0.35730170496664193 0.4976830398517145 0.02223869532987398 0.016682113067655237
0 0.38139362490733875 0.46153846153846156 0.034840622683469234 0.027803521779425393
0 0.06412157153446998 0.7150139017608897 0.02446256486286138 0.03614457831325301
0 0.08228317272053373 0.6867469879518072 0.025203854707190512 0.024096385542168676
0 0.5700518902891031 0.670064874884152 0.020756115641215715 0.024096385542168676
0 0.600815418828762 0.6575532900834106 0.02446256486286138 0.017608897126969416
0 0.5700518902891031 0.6408711770157554 0.017790956263899184 0.012048192771084338
0 0.6071163825055597 0.6126042632066728 0.017790956263899184 0.020389249304911955
0 0.7664936990363233 0.8396663577386468 0.017790956263899184 0.020389249304911955
0 0.7672349888806523 0.7673772011121409 0.02223869532987398 0.027803521779425393
0 0.7839140103780579 0.7979610750695088 0.01111934766493699 0.025949953660797033
0 0.7134914751667902 0.7831325301204819 0.01704966641957005 0.020389249304911955
0 0.7479614529280949 0.6844300278035218 0.029651593773165306 0.03243744207599629
0 0.7398072646404744 0.7312326227988879 0.013343217197924388 0.020389249304911955
0 0.393995552260934 0.8637627432808156 0.028910303928836176 0.024096385542168676
0 0.20867309117865085 0.03151065801668211 0.021497405485544848 0.025949953660797033
0 0.20459599703484063 0.09545875810936053 0.013343217197924388 0.024096385542168676
0 0.1508524833209785 0.061167747914735865 0.02446256486286138 0.020389249304911955
0 0.13120830244625648 0.10009267840593142 0.017790956263899184 0.022242817423540315
0 0.10007412898443291 0.16265060240963855 0.025203854707190512 0.017608897126969416
0 0.09933283914010378 0.22706209453197404 0.014825796886582653 0.022242817423540315
0 0.5492957746478874 0.7284522706209453 0.014825796886582653 0.024096385542168676
0 0.3476649369903632 0.6737720111214087 0.010378057820607857 0.022242817423540315
0 0.3984432913269088 0.3531047265987025 0.014084507042253521 0.024096385542168676
0 0.41697553743513716 0.36793327154772937 0.015567086730911787 0.022242817423540315
0 0.6723498888065234 0.5741427247451344 0.025203854707190512 0.028730305838739572
5 0.17234988880652335 0.7803521779425394 0.03187546330615271 0.03892493049119555
5 0.6289844329132691 0.9202965708989805 0.0452186805040771 0.04077849860982391
5 0.748702742772424 0.8433734939759037 0.06226834692364715 0.04448563484708063
5 0.7431430689399555 0.6895273401297498 0.05114899925871016 0.12604263206672844
5 0.3932542624166049 0.8651529193697869 0.03039288361749444 0.03429101019462465
5 0.5500370644922165 0.7289156626506024 0.02223869532987398 0.04355885078776645
5 0.4873980726464047 0.788693234476367 0.028910303928836176 0.11492122335495829
5 0.23054114158636027 0.561631139944393 0.06078576723498888 0.07228915662650602
5 0.08784284655300223 0.6899907321594069 0.08821349147516679 0.10287303058387395
5 0.4514455151964418 0.3253012048192771 0.05337286879169755 0.05375347544022243
5 0.8065233506300964 0.9620018535681186 0.017790956263899184 0.024096385542168676
5 0.8265381764269829 0.9300278035217794 0.01927353595255745 0.025023169601482854
0 0.4514455151964418 0.3303985171455051 0.023721275018532245 0.028730305838739572
0 0.24166048925129727 0.05560704355885079 0.03558191252779837 0.04633920296570899
